0.004712636809442368 0.9952873631905576 3mlg_0 1
0.9720621052284436 0.02793789477155638 5cwf_1 1
0.00015008185977655438 0.9998499181402234 5cwi_2 1
0.22932895387026267 0.7706710461297374 5mfi_7 1
3.77555859906057e-05 0.9999622444140094 1at3_1 1
5.8654749522027e-38 1.0 1c94_0 1
8.292518047260215e-17 0.9999999999999999 1ce9_1 1
2.4623807490364073e-147 1.0 1d7m_0 1
2.4623807490364073e-147 1.0 1d7m_1 1
0.00024075731331773558 0.9997592426866824 1ft9_0 1
4.957747325959497e-18 1.0 1h88_0 1
1.4250502752680265e-77 1.0 1ik9_0 1
1.1125337011064524e-19 1.0 1jcc_1 1
6.720554632672864e-06 0.9999932794453673 1l5z_1 1
3.445526667589397e-14 0.9999999999999656 1noh_1 1
1.1401593885591835e-15 0.9999999999999989 1pl5_0 1
2.0003467308617486e-07 0.999999799965327 1syq_3 1
2.0003467308617486e-07 0.999999799965327 1syq_6 1
1.8830267699460541e-07 0.9999998116973229 1tu3_0 1
3.693596334267573e-35 1.0 1u9g_0 1
3.693596334267573e-35 1.0 1u9g_1 1
3.693596334267573e-35 1.0 1u9g_2 1
2.0348327422220644e-78 1.0 1uix_0 1
1.8700512888979712e-06 0.9999981299487111 1xio_1 1
4.271290409820952e-12 0.9999999999957286 2c9l_0 1
2.1480613192312495e-11 0.9999999999785194 2gau_0 1
5.4671471213618185e-06 0.9999945328528786 2h6b_4 1
5.4671471213618185e-06 0.9999945328528786 2h6b_6 1
0.9870231005734471 0.012976899426552965 2m59_0 1
5.4521827488379044e-17 1.0 2no2_0 1
1.1699081481050488e-20 1.0 2oqq_1 1
1.7126003100989966e-79 1.0 2q6q_0 1
2.3561147812586024e-22 1.0 2w83_0 1
5.551673956538127e-78 1.0 3a7p_0 1
0.3746437940602919 0.625356205939708 3b02_0 1
1.0512846319421062e-10 0.9999999998948715 3cl3_0 1
9.011293898488561e-28 1.0 3l1c_0 1
8.846431018284262e-18 1.0 3mud_0 1
3.237019120486071e-18 1.0 3n4x_0 1
4.173479276773419e-28 1.0 3ni0_0 1
2.457506038896592e-16 0.9999999999999998 3nmd_0 1
6.033055020922314e-132 1.0 3q0x_0 1
0.007808196595114152 0.9921918034048858 3q15_9 1
5.48857727314123e-26 1.0 3qh9_0 1
2.827315977162575e-25 1.0 3s9g_0 1
4.9490517760097005e-14 0.9999999999999505 3sr2_2 1
6.194139846555401e-15 0.9999999999999938 3v5b_0 1
5.4357986829482186e-133 1.0 3vmz_0 1
5.679236752061792e-132 1.0 3wuu_3 1
1.0442150425009868e-70 1.0 4b86_1 1
2.0791454429802137e-21 1.0 4bwd_0 1
1.1804045419921147e-06 0.999998819595458 4e61_1 1
5.774895172276534e-17 1.0 4gkw_0 1
3.773160309117815e-21 1.0 4gkw_1 1
1.1515858847668434e-29 1.0 4h22_0 1
3.478552635770664e-08 0.9999999652144735 4i1a_7 1
8.917601197938939e-13 0.9999999999991083 4iff_1 1
0.00026213341381197287 0.999737866586188 4j8e_3 1
6.098285219552301e-43 1.0 4jpp_4 1
3.6230321990971115e-87 1.0 4om3_1 1
3.1678662782403752e-133 1.0 4orh_0 1
4.837211289843235e-41 1.0 4rfx_1 1
7.196268238402946e-15 0.9999999999999928 5ajs_0 1
1.0794768301665268e-79 1.0 5c9n_0 1
5.847669900626257e-24 1.0 5cj0_0 1
2.6910089681806288e-14 0.999999999999973 5cj1_3 1
8.875458648716633e-36 1.0 5d5y_0 1
1.0856393419214986e-11 0.9999999999891436 5fcm_0 1
1.0890546384075098e-18 1.0 5fcn_0 1
4.3850430513640873e-16 0.9999999999999997 5h07_0 1
1.708519845056038e-17 1.0 5jvm_0 1
2.9649756099504327e-17 1.0 5jvp_0 1
2.957427425116368e-66 1.0 5llx_1 1
4.101142406660572e-12 0.999999999995899 5m88_0 1
2.557317516571603e-15 0.9999999999999973 5mw9_0 1
3.446633765000138e-73 1.0 5mw9_3 1
6.842472491850165e-30 1.0 5oi7_0 1
6.575043647670578e-83 1.0 5wjb_0 1
3.8320596776752264e-31 1.0 5wlz_0 1
1.4566151403118573e-22 1.0 6a9p_5 1
5.584792140614819e-15 0.9999999999999943 6akl_0 1
0.00033685105864213004 0.9996631489413579 6bw6_0 1
3.249809910377312e-09 0.99999999675019 6cpb_0 1
0.0 1.0 6f62_0 1
9.802307158022811e-14 0.999999999999902 6fx5_2 1
2.3018117714994274e-08 0.9999999769818824 6iur_1 1
1.560750481675395e-74 1.0 6j6h_12 1
1.2742053784450444e-88 1.0 6n6s_0 1
7.736568527857516e-17 0.9999999999999999 6ofp_1 1
1.0795406823447372e-05 0.9999892045931765 6su3_1 1
0.0004907290514862 0.9995092709485138 1gvn_0 1
0.5366967103849426 0.46330328961505735 1ls4_0 1
1.3410730388975389e-36 1.0 1o6o_2 1
0.07227009426569211 0.9277299057343079 1oa0_0 1
8.158068415664585e-06 0.9999918419315843 1phz_0 1
0.001157096267317709 0.9988429037326823 1z8l_1 1
4.190305139138529e-05 0.9999580969486086 1zee_5 1
4.190305139138529e-05 0.9999580969486086 1zee_7 1
0.09647394375698755 0.9035260562430124 2b2h_0 1
3.895408413906371e-05 0.9999610459158609 2b39_1 1
0.0005189409368252832 0.9994810590631747 2bap_4 1
7.0972021650522e-33 1.0 2c1t_1 1
0.005296243962122344 0.9947037560378778 2c2x_0 1
0.21849777536323284 0.7815022246367671 2fup_1 1
8.082167788762637e-06 0.9999919178322113 2hn2_13 1
8.082167788762637e-06 0.9999919178322113 2hn2_19 1
8.082167788762637e-06 0.9999919178322113 2hn2_22 1
8.082167788762637e-06 0.9999919178322113 2hn2_28 1
0.01576493273459173 0.9842350672654083 2iak_3 1
0.01576493273459173 0.9842350672654083 2iak_5 1
0.00020904640332846435 0.9997909535966715 2jkr_4 1
0.00020904640332846435 0.9997909535966715 2jkt_3 1
0.06964521330948475 0.9303547866905153 2nox_1 1
9.181855702622722e-07 0.9999990818144296 2nwb_3 1
0.0004413474160699852 0.99955865258393 2o7e_1 1
0.0004413474160699852 0.99955865258393 2o7e_4 1
2.999570415740531e-29 1.0 2vx2_0 1
0.0006946111897457323 0.9993053888102543 2xs1_7 1
2.45151795918205e-34 1.0 2y02_3 1
7.783907916673968e-29 1.0 2yin_3 1
4.859659173791994e-32 1.0 3anw_2 1
0.00031000720809627237 0.9996899927919038 3bct_8 1
0.08619999604437438 0.9138000039556256 3bct_9 1
0.004342866450808038 0.9956571335491919 3etv_5 1
0.0019392190211030402 0.9980607809788969 3fex_3 1
6.024048378144273e-06 0.9999939759516219 3gjx_1 1
7.380823074322135e-05 0.9999261917692567 3gq2_1 1
0.23499069456315658 0.7650093054368434 3gq2_4 1
2.8989756574038343e-05 0.999971010243426 3gq2_5 1
8.839474203606223e-33 1.0 3now_15 1
8.839474203606223e-33 1.0 3now_23 1
0.0005189409368252832 0.9994810590631747 3o4x_6 1
0.1245934412541433 0.8754065587458568 3o4x_11 1
0.12459344125414333 0.8754065587458566 3o4x_13 1
0.8526448658899728 0.14735513411002713 3odn_2 1
0.22828856920314425 0.7717114307968557 3s4w_7 1
0.0019598811303549405 0.998040118869645 3unv_3 1
1.792516256303132e-31 1.0 3w5k_6 1
0.7336931258824682 0.26630687411753196 3zyk_0 1
7.451160658164727e-30 1.0 4a0c_6 1
5.221753109386506e-31 1.0 4aki_0 1
0.1753338035293385 0.8246661964706615 4db9_2 1
6.048714084081896e-32 1.0 4gmn_0 1
4.2997473738216285e-34 1.0 4hzk_0 1
0.001775055740117134 0.9982249442598828 4hzk_2 1
0.0023932285620745994 0.9976067714379254 4hzk_3 1
2.9649836900905078e-30 1.0 4hzk_5 1
0.7166736198082971 0.28332638019170286 4ifq_0 1
0.018099697879970053 0.98190030212003 4ifq_12 1
0.0032317313399233623 0.9967682686600766 4k1o_2 1
2.6416120029342836e-31 1.0 4kf7_2 1
4.216252834898464e-34 1.0 4l38_10 1
0.10215019499228005 0.8978498050077198 4l6y_4 1
0.043470083999965554 0.9565299160000345 4mfu_8 1
0.004013977787786133 0.9959860222122139 4nsr_1 1
3.624281115123135e-33 1.0 4q85_4 1
0.915714689745132 0.08428531025486793 4q86_3 1
0.04090190304039205 0.959098096959608 4rid_4 1
0.04090190304039205 0.959098096959608 4rid_7 1
0.04090190304039205 0.959098096959608 4rid_10 1
0.04090190304039205 0.959098096959608 4ry3_1 1
0.04090190304039205 0.959098096959608 4ry3_2 1
0.053374712889341674 0.9466252871106583 4tf4_1 1
0.00022714416295212698 0.9997728558370478 4uqv_1 1
0.2782307892550632 0.7217692107449367 5cof_1 1
0.13871180324994167 0.8612881967500583 5cog_0 1
9.357335587250893e-33 1.0 5cwi_0 1
0.006725726429108894 0.9932742735708912 5cy5_1 1
3.4517830723095076e-35 1.0 5d92_1 1
2.499640867989425e-33 1.0 5e57_2 1
1.643541521884226e-30 1.0 5ebz_11 1
0.4515688995118829 0.548431100488117 5h41_2 1
3.2503607290380076e-05 0.9999674963927095 5j1g_4 1
2.6678969528448626e-07 0.9999997332103047 5liz_0 1
8.557214456776955e-32 1.0 5nm4_1 1
0.4471506545853004 0.5528493454146997 5ti9_1 1
0.47342384581487795 0.526576154185122 5udc_1 1
6.756929774546946e-33 1.0 5ufl_9 1
1.0379256422205106e-31 1.0 5xa0_0 1
1.2354149589021294e-30 1.0 5yck_0 1
2.339360820582386e-33 1.0 6aj4_3 1
0.006395045977473269 0.9936049540225268 6ar7_4 1
3.431889846445433e-07 0.9999996568110153 6azv_3 1
1.1247294026988302e-29 1.0 6c8t_2 1
0.21105408382604882 0.7889459161739513 6d74_0 1
6.721516686975912e-35 1.0 6duw_0 1
0.00022763649477395886 0.999772363505226 6ey4_0 1
0.0013614373172876062 0.9986385626827124 6f38_2 1
0.8581655343354359 0.14183446566456412 6idp_0 1
0.0004431196262420665 0.9995568803737579 6rfr_4 1
0.028458380835964556 0.9715416191640355 6rlb_0 1
9.670284415879962e-14 0.9999999999999033 1ci6_0 1
0.00021988289944237027 0.9997801171005577 1l4a_2 1
0.0011026523177776449 0.9988973476822224 1yke_4 1
3.739658596337642e-05 0.9999626034140366 1ytz_1 1
0.1736378073615941 0.8263621926384059 1z9c_1 1
1.0359564216093737e-34 1.0 2aze_0 1
1.30336710466686e-34 1.0 2cly_1 1
0.41001788143495693 0.5899821185650431 2ql2_1 1
2.692454816747804e-34 1.0 3brv_0 1
1.0023404082988104e-12 0.9999999999989977 3crp_0 1
1.0023404082988104e-12 0.9999999999989977 3crp_1 1
1.5698393081585788e-38 1.0 3eab_1 1
9.200458556471539e-13 0.9999999999990798 3he4_1 1
9.200458556471539e-13 0.9999999999990798 3he4_2 1
9.200458556471539e-13 0.9999999999990798 3he4_3 1
9.200458556471539e-13 0.9999999999990798 3he4_4 1
9.200458556471539e-13 0.9999999999990798 3he4_5 1
6.13357548718023e-46 1.0 3he5_0 1
0.021123889944900387 0.9788761100550997 3jck_10 1
7.243663350180573e-35 1.0 3nkz_6 1
7.243663350180573e-35 1.0 3nkz_7 1
1.802503853545929e-79 1.0 3oja_1 1
1.8024830509015023e-31 1.0 3opc_1 1
0.9530616947045515 0.046938305295448526 3rko_2 1
3.843718592246496e-10 0.9999999996156281 3tq7_0 1
5.840613941443734e-34 1.0 3viq_1 1
1.2792828870671518e-135 1.0 4bry_0 1
1.1562485763251494e-08 0.9999999884375143 4c7n_0 1
3.9450005594701553e-07 0.999999605499944 4etp_0 1
5.072784233241785e-08 0.9999999492721577 4g1e_1 1
3.8324153168904326e-32 1.0 4hbl_0 1
0.9023968431295677 0.09760315687043229 4iyh_4 1
0.11059327410300093 0.8894067258969991 4j42_2 1
0.008451790659802928 0.991548209340197 4o9b_0 1
1.80558455075144e-39 1.0 4pas_0 1
1.0091576090847638e-90 1.0 4wy4_2 1
2.9155208403991487e-06 0.9999970844791597 4y66_0 1
2.453838511964727e-07 0.9999997546161489 5cw3_0 1
1.3668335234326742e-95 1.0 5low_2 1
3.2557822437893847e-70 1.0 5lsj_0 1
2.0246788488791286e-09 0.999999997975321 5n9j_7 1
1.0310611838861175e-11 0.9999999999896894 5vpe_0 1
1.9387571819041607e-38 1.0 5wwl_0 1
6.531009558853701e-63 1.0 5x60_1 1
4.6337336307997826e-66 1.0 5x9x_0 1
2.3705021304442764e-59 1.0 6cfz_1 1
4.126769361762407e-10 0.9999999995873231 6cko_1 1
5.261596222852327e-16 0.9999999999999994 6e2j_0 1
4.3008615927425817e-35 1.0 6epd_17 1
0.0019585063259872195 0.9980414936740127 6epe_12 1
4.0357068973715316e-05 0.9999596429310262 6epf_7 1
1.0239605164613697e-08 0.9999999897603947 6g6l_2 1
4.3171264203168895e-36 1.0 6h3c_2 1
0.019030906936990208 0.9809690930630098 6id1_3 1
0.0010573612326700962 0.9989426387673299 6id1_4 1
4.12654779404431e-64 1.0 6j6n_1 1
1.3777462972503358e-09 0.9999999986222536 6jt2_0 1
0.8768591116837245 0.12314088831627548 6jxr_0 1
0.0004891290771123295 0.9995108709228877 6qld_1 1
1.951681646691402e-09 0.9999999980483183 6qle_2 1
3.104688019024551e-35 1.0 6qle_6 1
3.356772852294086e-05 0.9999664322714771 1yo7_1 -1
1.4947827374712976e-06 0.9999985052172625 1ecm_0 -1
1.4947827374712976e-06 0.9999985052172625 1ecm_1 -1
0.11135082371250878 0.8886491762874912 1few_2 -1
1.0 6.347983811384978e-113 1gmj_0 -1
1.0 1.3712715586028087e-53 1hvv_2 -1
0.0019304433043515895 0.9980695566956483 1ixe_1 -1
1.6300710583720703e-05 0.9999836992894163 1q09_0 -1
1.0 3.9108141011404944e-57 1sfk_2 -1
1.0 3.9108141011404944e-57 1sfk_3 -1
8.963633133998783e-05 0.99991036366866 1t3j_0 -1
1.0 1.9400142122294622e-32 1wmi_0 -1
0.9983947856030821 0.0016052143969179393 1ykd_0 -1
1.0 1.7382228348319315e-57 1zke_4 -1
1.0 1.7382228348319315e-57 1zke_7 -1
0.0043978941070190606 0.9956021058929809 1zuo_1 -1
0.0043978941070190606 0.9956021058929809 1zuo_2 -1
0.0043978941070190606 0.9956021058929809 1zuo_3 -1
0.005009640223920412 0.9949903597760795 1zw0_2 -1
0.005009640223920412 0.9949903597760795 1zw0_6 -1
0.02977235498537755 0.9702276450146224 1zww_2 -1
0.02977235498537755 0.9702276450146224 1zww_5 -1
0.026932027772911638 0.9730679722270884 2a1f_1 -1
0.026932027772911638 0.9730679722270884 2a1f_2 -1
1.0 1.0738469091142227e-56 2bni_1 -1
1.0 4.099042943638197e-51 2c08_1 -1
0.12321977231492301 0.8767802276850769 2gn9_1 -1
0.12321977231492301 0.8767802276850769 2gn9_2 -1
1.0 2.247692489373848e-52 2hh7_1 -1
0.9995226047572064 0.0004773952427935649 2htm_1 -1
4.559737883699912e-09 0.9999999954402621 2n9b_0 -1
1.0 1.3830826714499593e-33 2p4w_0 -1
0.04880335133545088 0.9511966486645492 2r26_1 -1
1.0 1.163388063361997e-114 2wm9_0 -1
0.016846116101581765 0.9831538838984183 2yfd_1 -1
1.0 1.9167362097046288e-53 2yq8_0 -1
1.0 7.710662997572868e-55 3df8_0 -1
0.004372338147771326 0.9956276618522287 3g9g_2 -1
0.9978170379557373 0.002182962044262661 3gp4_0 -1
0.9978170379557373 0.002182962044262661 3gp4_1 -1
0.9978170379557373 0.002182962044262661 3gp4_2 -1
0.9684955552217127 0.031504444778287254 3gt0_1 -1
1.0 3.9902703687449145e-30 3h01_0 -1
0.02894848918654752 0.9710515108134524 3n96_0 -1
0.002891307453481564 0.9971086925465185 3ok8_3 -1
1.0 3.5927758277376454e-57 3q8t_0 -1
1.0 4.772951197928925e-117 3rmi_0 -1
1.0 5.330405255992866e-56 3slg_1 -1
1.0 5.330405255992866e-56 3slg_2 -1
7.272564501220624e-05 0.9999272743549877 3thf_1 -1
7.272564501220624e-05 0.9999272743549877 3thf_4 -1
1.135903785642498e-14 0.9999999999999887 3u1c_0 -1
1.0 9.184502041192062e-57 3uux_2 -1
0.016697486039075934 0.983302513960924 4c1a_0 -1
0.1158473766258425 0.8841526233741576 4fin_0 -1
1.0 2.917400317492422e-104 4fla_0 -1
0.8547435477345561 0.14525645226544404 4h8s_1 -1
0.958527521744371 0.041472478255629 4j41_1 -1
0.6641124827305377 0.33588751726946237 4j7k_1 -1
0.020853877472066053 0.979146122527934 4jnu_1 -1
1.0 2.151862512847786e-147 4jpb_1 -1
1.0 9.315179426820071e-61 4jq5_1 -1
1.0 2.2883481358506343e-60 4mbq_1 -1
7.574722880710668e-10 0.9999999992425277 4pxj_0 -1
8.106510061920617e-07 0.9999991893489938 4u6s_1 -1
1.0 1.3862097070046088e-61 4wpy_0 -1
1.0 7.103646298804695e-116 5c1f_3 -1
1.0 5.321852701261546e-52 5c9e_1 -1
0.0017552665731873486 0.9982447334268126 5crl_0 -1
1.0 1.2949671690152637e-115 5d3a_0 -1
1.0117536883501005e-06 0.9999989882463117 5d90_1 -1
1.0 7.71746896907165e-56 5ded_2 -1
0.16124275528276388 0.8387572447172361 5dol_0 -1
0.99999999999984 1.599113688652206e-13 5eon_0 -1
0.007668459604945359 0.9923315403950547 5lcy_1 -1
1.0 3.26250159399908e-50 5n5e_10 -1
1.0 2.2539335059227284e-59 5z0v_0 -1
1.0 1.6934346176798463e-54 6adz_1 -1
1.0551660856948927e-09 0.9999999989448339 6f6p_3 -1
0.9979959950106738 0.0020040049893261876 6jgv_0 -1
0.029990742552504647 0.9700092574474953 1a22_3 -1
0.959295708195555 0.040704291804445 1a22_5 -1
1.0 6.627970826291134e-59 1ax8_2 -1
1.0 6.627970826291134e-59 1ax8_4 -1
1.0 2.880038561805903e-93 1b71_2 -1
1.0 2.880038561805903e-93 1b71_3 -1
1.0 1.5244576994048293e-33 1ca1_1 -1
1.0 5.2514152972001766e-58 1cii_0 -1
0.9849481284604545 0.015051871539545476 1cii_2 -1
1.0 5.1812029324993885e-33 1cnt_1 -1
1.0 7.061342267574745e-30 1cnt_3 -1
1.0 5.181202932499391e-33 1cnt_4 -1
0.42557107995972393 0.5744289200402761 1cxz_0 -1
0.04239832674390718 0.9576016732560928 1dce_3 -1
1.0 2.880038561805903e-93 1dvb_2 -1
1.0 2.880038561805903e-93 1dvb_3 -1
0.9975436787843249 0.0024563212156750763 1exz_2 -1
0.9975436787843249 0.0024563212156750763 1exz_3 -1
0.9893453801326173 0.010654619867382776 1fch_1 -1
1.0 5.6581305676906495e-152 1few_3 -1
0.9792151071672963 0.020784892832703745 1fiy_11 -1
1.0 2.876797810088555e-63 1fxk_5 -1
1.0 2.9277895013024205e-60 1gto_3 -1
1.0 6.697205070547688e-88 1h6g_1 -1
1.0 1.5397965437838893e-32 1hiw_0 -1
1.0 1.5397965437838893e-32 1hiw_1 -1
1.0 4.1895830743395976e-58 1i50_2 -1
1.0 3.1419186951081714e-60 1i6z_1 -1
1.0 4.690808503968038e-28 1iw1_0 -1
0.9978753711742473 0.0021246288257527122 1jm0_0 -1
0.9978753711742473 0.0021246288257527122 1jm0_1 -1
1.0 5.482354706046322e-60 1jqo_8 -1
1.0 1.775352758404016e-29 1jqo_11 -1
1.0 1.8960566720112426e-30 1jqo_12 -1
1.0 1.775352758404016e-29 1jqo_15 -1
1.0 2.6568269052300256e-36 1kt0_2 -1
1.0 2.3548084210964354e-62 1l2j_1 -1
1.0 2.3548084210964354e-62 1l2j_2 -1
1.0 1.9587893391547335e-59 1l7c_2 -1
1.0 2.692747617390988e-29 1l8d_0 -1
0.04488875031776299 0.9551112496822372 1l8w_0 -1
0.8349543814404785 0.1650456185595215 1l9h_2 -1
1.0 2.880038561805903e-93 1lkp_2 -1
1.0 2.880038561805903e-93 1lkp_3 -1
1.0 9.978368690066804e-32 1n4q_0 -1
1.0 9.978368690066804e-32 1n4r_0 -1
0.9527926813872881 0.04720731861271189 1nt2_2 -1
0.9527926813872881 0.04720731861271189 1nt2_3 -1
0.9964733963271208 0.003526603672879168 1orj_0 -1
0.9975183846156938 0.0024816153843062252 1orj_2 -1
0.9964733963271208 0.003526603672879168 1orj_3 -1
0.9975183846156938 0.0024816153843062252 1orj_5 -1
0.9996147150502127 0.000385284949787355 1orj_6 -1
0.9996147150502127 0.000385284949787355 1orj_9 -1
0.9964733963271208 0.003526603672879168 1orj_11 -1
0.9975183846156938 0.0024816153843062252 1orj_13 -1
0.9964733963271208 0.003526603672879168 1orj_14 -1
0.9975183846156938 0.0024816153843062252 1orj_16 -1
0.9996147150502127 0.000385284949787355 1orj_17 -1
0.9996147150502127 0.000385284949787355 1orj_20 -1
0.6589747480058452 0.3410252519941548 1ory_4 -1
0.9956530998009929 0.00434690019900706 1prc_6 -1
1.0 3.717261861791323e-91 1pvh_0 -1
1.0 3.239363987424472e-30 1py2_1 -1
1.0 2.8843560954235436e-60 1q5n_6 -1
1.0 3.239363987424472e-30 1qvn_0 -1
1.0 3.651291560060168e-61 1qvn_2 -1
0.9956530998009929 0.00434690019900706 1r2c_7 -1
1.0 3.995189019228118e-60 1rzz_1 -1
0.9928462530341112 0.00715374696588872 1syq_1 -1
0.9928462530341112 0.00715374696588872 1syq_4 -1
0.9928462530341112 0.00715374696588872 1syq_7 -1
0.9928462530341112 0.00715374696588872 1syq_9 -1
0.9928462530341112 0.00715374696588872 1syq_11 -1
0.9928462530341112 0.00715374696588872 1syq_13 -1
0.8971776956443893 0.10282230435561074 1t6p_7 -1
0.653068154051477 0.34693184594852305 1tae_1 -1
0.9864989850307626 0.013501014969237378 1tj7_3 -1
0.9864989850307626 0.013501014969237378 1tj7_4 -1
1.0 1.0158400488327195e-89 1tjl_0 -1
1.0 1.0158400488327195e-89 1tjl_1 -1
1.0 9.978368690066804e-32 1tnb_1 -1
1.0 9.978368690066804e-32 1tno_0 -1
1.0 9.978368690066804e-32 1tnz_1 -1
0.22338673862693476 0.7766132613730652 1twg_2 -1
0.9938642359654313 0.006135764034568761 1u6i_6 -1
1.0 2.1719481250394125e-33 1v7n_0 -1
1.0 1.6017649460888225e-31 1vei_14 -1
0.9956530998009929 0.00434690019900706 1vrn_7 -1
1.0 1.824101516777629e-30 1wdg_0 -1
1.0 1.824101516777629e-30 1wdg_4 -1
1.0 2.4366784286826643e-59 1wfd_0 -1
1.0 2.7532580477646887e-58 1x4t_0 -1
1.0 4.0371939823628185e-28 1x8z_0 -1
1.0 3.6510156089798384e-31 1x8z_1 -1
1.0 2.5354211005347005e-59 1x8z_2 -1
1.0 4.0371939823628185e-28 1x8z_3 -1
1.0 3.6510156089798384e-31 1x8z_4 -1
0.9795093994454076 0.02049060055459233 1xcb_2 -1
0.9795093994454076 0.02049060055459233 1xcb_4 -1
0.9795093994454076 0.02049060055459233 1xcb_7 -1
1.0 4.531040717399674e-29 1xwm_3 -1
1.0 5.478818116215607e-31 1xwo_4 -1
0.374564075940868 0.625435924059132 1xzp_4 -1
0.009289376878306624 0.9907106231216933 1xzp_5 -1
0.6728159883735741 0.32718401162642585 1xzq_2 -1
0.013702050892899258 0.9862979491071008 1xzq_3 -1
1.0 2.0436592297308773e-88 1ya0_1 -1
1.0 2.508627864135947e-30 1yc9_9 -1
0.9820658633950654 0.017934136604934557 1yke_3 -1
1.0 4.290607733385824e-30 1yke_5 -1
1.0 2.9277895013024194e-60 1yo7_0 -1
1.0 2.5457312162350112e-57 1yo7_2 -1
1.0 2.9277895013024205e-60 1yo7_3 -1
1.0 8.541173933765404e-63 1yv1_0 -1
1.0 5.3441223766554485e-36 1z4a_16 -1
0.9967479114027648 0.003252088597235277 1z4a_17 -1
1.0 5.3441223766554485e-36 1z4a_18 -1
1.0 2.6355748488366997e-35 1z4a_19 -1
1.0 5.3441223766554485e-36 1z4a_20 -1
0.9967479114027648 0.003252088597235277 1z4a_21 -1
1.0 5.3441223766554485e-36 1z4a_22 -1
1.0 2.6355748488366997e-35 1z4a_23 -1
1.0 5.3441223766554485e-36 1z4a_24 -1
0.9967479114027648 0.003252088597235277 1z4a_25 -1
1.0 5.3441223766554485e-36 1z4a_26 -1
0.9967479114027648 0.003252088597235277 1z4a_27 -1
1.0 5.3441223766554485e-36 1z4a_28 -1
0.9967479114027648 0.003252088597235277 1z4a_29 -1
1.0 5.3441223766554485e-36 1z4a_30 -1
0.9967479114027648 0.003252088597235277 1z4a_31 -1
1.0 5.3441223766554485e-36 1z4a_32 -1
0.9967479114027648 0.003252088597235277 1z4a_33 -1
1.0 5.3441223766554485e-36 1z4a_34 -1
1.0 2.6355748488366997e-35 1z4a_35 -1
1.0 5.3441223766554485e-36 1z4a_36 -1
0.9967479114027648 0.003252088597235277 1z4a_37 -1
1.0 5.3441223766554485e-36 1z4a_38 -1
1.0 2.6355748488366997e-35 1z4a_39 -1
1.0 5.3441223766554485e-36 1z4a_40 -1
0.9967479114027648 0.003252088597235277 1z4a_41 -1
1.0 5.3441223766554485e-36 1z4a_42 -1
0.9967479114027648 0.003252088597235277 1z4a_43 -1
1.0 5.3441223766554485e-36 1z4a_44 -1
0.9967479114027648 0.003252088597235277 1z4a_45 -1
1.0 5.3441223766554485e-36 1z4a_46 -1
0.9967479114027648 0.003252088597235277 1z4a_47 -1
1.0 1.0133355576233623e-94 1za0_1 -1
1.0 1.0133355576233623e-94 1za0_3 -1
1.0 1.9572690697540015e-118 1zb1_0 -1
1.0 3.2767323188419467e-31 1zke_3 -1
0.6766518304803802 0.32334816951961975 1zke_5 -1
1.0 3.2767323188419467e-31 1zke_6 -1
0.6766518304803802 0.32334816951961975 1zke_8 -1
0.9992126391704613 0.0007873608295386008 1zw0_1 -1
0.9992126391704613 0.0007873608295386008 1zw0_5 -1
1.0 1.6714620255713697e-30 2a03_2 -1
1.0 1.6714620255713697e-30 2a03_3 -1
0.5016858326945923 0.4983141673054077 2a3q_2 -1
0.5016858326945923 0.4983141673054077 2a3q_3 -1
1.0 1.4974391641514581e-91 2b05_7 -1
1.0 1.187801306386164e-89 2b05_20 -1
1.0 1.187801306386164e-89 2b05_25 -1
1.0 6.325092472122145e-33 2b5u_0 -1
1.0 7.749800887475366e-125 2bbj_15 -1
0.9974567726648498 0.0025432273351502026 2cw0_0 -1
1.0 3.0917412878137283e-29 2d4c_3 -1
0.991815779452542 0.008184220547458107 2d4x_1 -1
1.0 1.4734629485777188e-29 2d4y_0 -1
0.8352952614671763 0.1647047385328237 2d4y_1 -1
1.0 1.093899360347311e-29 2dfk_2 -1
0.9795093994454076 0.02049060055459233 2dt5_3 -1
1.0 1.8847370678718208e-27 2etn_1 -1
1.0 1.172507696153185e-28 2f66_1 -1
1.0 2.529747535922221e-29 2f66_2 -1
0.5266889426572615 0.47331105734273843 2fb5_0 -1
0.5266889426572615 0.47331105734273843 2fb5_4 -1
0.5266889426572615 0.47331105734273843 2fb5_5 -1
1.0 2.783442925962091e-35 2fjc_36 -1
1.0 1.0054054322098003e-66 2fjc_38 -1
1.0 2.783442925962091e-35 2fjc_39 -1
0.999852486731328 0.00014751326867196358 2fjc_40 -1
1.0 1.0054054322098003e-66 2fjc_41 -1
1.0 2.783442925962091e-35 2fjc_42 -1
1.0 1.0054054322098003e-66 2fjc_44 -1
1.0 2.783442925962091e-35 2fjc_45 -1
0.999852486731328 0.00014751326867196358 2fjc_46 -1
1.0 1.0054054322098003e-66 2fjc_47 -1
1.0 2.783442925962091e-35 2fjc_48 -1
0.999852486731328 0.00014751326867196358 2fjc_49 -1
1.0 1.0054054322098003e-66 2fjc_50 -1
1.0 2.783442925962091e-35 2fjc_51 -1
1.0 1.0054054322098003e-66 2fjc_53 -1
1.0 2.783442925962091e-35 2fjc_54 -1
1.0 1.0054054322098003e-66 2fjc_56 -1
1.0 2.783442925962091e-35 2fjc_57 -1
0.999852486731328 0.00014751326867196358 2fjc_58 -1
1.0 1.0054054322098003e-66 2fjc_59 -1
1.0 2.783442925962091e-35 2fjc_60 -1
0.999852486731328 0.00014751326867196358 2fjc_61 -1
1.0 1.0054054322098003e-66 2fjc_62 -1
1.0 2.783442925962091e-35 2fjc_63 -1
0.999852486731328 0.00014751326867196358 2fjc_64 -1
1.0 1.0054054322098003e-66 2fjc_65 -1
1.0 2.783442925962091e-35 2fjc_66 -1
0.999852486731328 0.00014751326867196358 2fjc_67 -1
1.0 1.0054054322098003e-66 2fjc_68 -1
1.0 2.783442925962091e-35 2fjc_69 -1
0.999852486731328 0.00014751326867196358 2fjc_70 -1
1.0 1.0054054322098003e-66 2fjc_71 -1
1.0 2.783442925962091e-35 2fjc_72 -1
1.0 1.0054054322098003e-66 2fjc_74 -1
1.0 2.783442925962091e-35 2fjc_75 -1
0.999852486731328 0.00014751326867196358 2fjc_76 -1
1.0 1.0054054322098003e-66 2fjc_77 -1
1.0 2.783442925962091e-35 2fjc_78 -1
1.0 1.0054054322098003e-66 2fjc_80 -1
1.0 2.783442925962091e-35 2fjc_81 -1
0.999852486731328 0.00014751326867196358 2fjc_82 -1
1.0 1.0054054322098003e-66 2fjc_83 -1
1.0 2.783442925962091e-35 2fjc_84 -1
0.999852486731328 0.00014751326867196358 2fjc_85 -1
1.0 1.0054054322098003e-66 2fjc_86 -1
1.0 2.783442925962091e-35 2fjc_87 -1
1.0 1.0054054322098003e-66 2fjc_89 -1
1.0 2.783442925962091e-35 2fjc_90 -1
1.0 1.0054054322098003e-66 2fjc_92 -1
1.0 2.783442925962091e-35 2fjc_93 -1
0.999852486731328 0.00014751326867196358 2fjc_94 -1
1.0 1.0054054322098003e-66 2fjc_95 -1
1.0 2.783442925962091e-35 2fjc_96 -1
0.999852486731328 0.00014751326867196358 2fjc_97 -1
1.0 1.0054054322098003e-66 2fjc_98 -1
1.0 2.783442925962091e-35 2fjc_99 -1
0.999852486731328 0.00014751326867196358 2fjc_100 -1
1.0 1.0054054322098003e-66 2fjc_101 -1
1.0 2.783442925962091e-35 2fjc_102 -1
0.999852486731328 0.00014751326867196358 2fjc_103 -1
1.0 1.0054054322098003e-66 2fjc_104 -1
1.0 2.783442925962091e-35 2fjc_105 -1
0.999852486731328 0.00014751326867196358 2fjc_106 -1
1.0 1.0054054322098003e-66 2fjc_107 -1
1.0 2.783442925962091e-35 2fjc_108 -1
1.0 1.0054054322098003e-66 2fjc_110 -1
1.0 2.783442925962091e-35 2fjc_111 -1
0.999852486731328 0.00014751326867196358 2fjc_112 -1
1.0 1.0054054322098003e-66 2fjc_113 -1
1.0 2.783442925962091e-35 2fjc_114 -1
1.0 1.0054054322098003e-66 2fjc_116 -1
1.0 2.783442925962091e-35 2fjc_117 -1
0.999852486731328 0.00014751326867196358 2fjc_118 -1
1.0 1.0054054322098003e-66 2fjc_119 -1
1.0 2.783442925962091e-35 2fjc_120 -1
0.999852486731328 0.00014751326867196358 2fjc_121 -1
1.0 1.0054054322098003e-66 2fjc_122 -1
1.0 2.783442925962091e-35 2fjc_123 -1
1.0 1.0054054322098003e-66 2fjc_125 -1
1.0 2.783442925962091e-35 2fjc_126 -1
1.0 1.0054054322098003e-66 2fjc_128 -1
1.0 2.783442925962091e-35 2fjc_129 -1
0.999852486731328 0.00014751326867196358 2fjc_130 -1
1.0 1.0054054322098003e-66 2fjc_131 -1
1.0 2.783442925962091e-35 2fjc_132 -1
0.999852486731328 0.00014751326867196358 2fjc_133 -1
1.0 1.0054054322098003e-66 2fjc_134 -1
1.0 2.783442925962091e-35 2fjc_135 -1
0.999852486731328 0.00014751326867196358 2fjc_136 -1
1.0 1.0054054322098003e-66 2fjc_137 -1
1.0 2.783442925962091e-35 2fjc_138 -1
0.999852486731328 0.00014751326867196358 2fjc_139 -1
1.0 1.0054054322098003e-66 2fjc_140 -1
1.0 2.783442925962091e-35 2fjc_141 -1
0.999852486731328 0.00014751326867196358 2fjc_142 -1
1.0 1.0054054322098003e-66 2fjc_143 -1
1.0 2.3548084210964354e-62 2fsz_2 -1
1.0 2.3548084210964354e-62 2fsz_3 -1
1.0 2.3548084210964354e-62 2fsz_4 -1
1.0 2.3548084210964354e-62 2fsz_5 -1
1.0 2.3548084210964354e-62 2fsz_6 -1
1.0 2.3548084210964354e-62 2fsz_7 -1
1.0 4.2156668902450596e-32 2fzf_1 -1
0.9960631023286053 0.003936897671394823 2gl7_4 -1
1.0 6.971624330435751e-30 2gl7_6 -1
1.0 1.310775323362141e-90 2gsc_8 -1
0.9928462530341112 0.00715374696588872 2gww_3 -1
0.9928462530341112 0.00715374696588872 2gww_5 -1
0.9928462530341112 0.00715374696588872 2gww_7 -1
0.9928462530341112 0.00715374696588872 2gww_9 -1
0.9928462530341112 0.00715374696588872 2gww_11 -1
0.9999473060838246 5.269391617526172e-05 2hjm_1 -1
0.9829067642284041 0.017093235771595966 2hr5_4 -1
1.0 3.55951788659262e-58 2hr5_5 -1
0.9829067642284041 0.017093235771595966 2hr5_6 -1
1.0 3.55951788659262e-58 2hr5_7 -1
1.0 2.2660475913784594e-63 2hsb_1 -1
0.9928462530341112 0.00715374696588872 2hsq_4 -1
0.9928462530341112 0.00715374696588872 2hsq_7 -1
0.9928462530341112 0.00715374696588872 2hsq_10 -1
0.9928462530341112 0.00715374696588872 2hsq_13 -1
0.9928462530341112 0.00715374696588872 2hsq_16 -1
1.0 6.163985624490405e-116 2i05_0 -1
1.0 2.9277895013024205e-60 2ijj_3 -1
1.0 2.1231880877852326e-147 2j0n_0 -1
0.7929727263489676 0.2070272736510324 2j5c_2 -1
1.0 1.3832166974019901e-84 2kc3_0 -1
1.0 8.961053651410557e-86 2lw1_0 -1
1.0 1.731016020137169e-28 2nnu_2 -1
1.0 1.9293445524543995e-30 2nov_1 -1
0.06494071608820307 0.9350592839117968 2p4v_1 -1
1.0 1.5011007647888242e-58 2ppb_1 -1
1.0 1.0417406784412513e-57 2psm_0 -1
1.0 4.3185096772874825e-119 2q0o_4 -1
1.0 1.8087287623022093e-64 2r6t_4 -1
1.0 6.742619181003148e-116 2rcc_1 -1
1.0 7.422814294134861e-31 2rmk_0 -1
1.0 3.451711935542751e-175 2uw1_1 -1
1.0 1.30631604402939e-61 2ux1_12 -1
0.9986465500126007 0.0013534499873992674 2v0o_2 -1
0.5399386972178637 0.4600613027821363 2vf8_0 -1
1.0 1.773721714543566e-31 2vgx_5 -1
0.9961930398956471 0.0038069601043528405 2vko_1 -1
1.0 3.7999415463811226e-117 2xs1_4 -1
1.0 1.4387490756247952e-31 2y02_2 -1
1.0 3.196996040820502e-60 2y4t_0 -1
1.0 6.976854800022806e-31 2y4t_4 -1
1.0 7.135135698574339e-31 2y4u_16 -1
1.0 7.135135698574339e-31 2y4u_26 -1
1.0 4.641129250629041e-124 2yfb_6 -1
1.0 1.3614257654280931e-58 2yw6_19 -1
1.0 1.561718100381481e-31 2z3q_1 -1
1.0 3.689771335463422e-61 2zqm_2 -1
1.0 3.136320576511264e-57 3a8q_0 -1
1.0 9.910100217056736e-87 3ajw_1 -1
1.0 1.5011007647888242e-58 3aoh_1 -1
0.3641322760411411 0.6358677239588589 3aoi_2 -1
1.0 8.370186983993415e-90 3aqb_3 -1
1.0 2.671408065008722e-118 3ayf_5 -1
1.0 6.077343133142805e-32 3ayf_9 -1
1.0 2.671408065008722e-118 3ayg_5 -1
1.0 6.077343133142805e-32 3ayg_9 -1
1.0 8.164191311440601e-33 3b2t_2 -1
0.9377842084912639 0.062215791508736205 3b2t_3 -1
0.9960631023286053 0.003936897671394823 3bct_13 -1
0.9825583638384757 0.017441636161524245 3c23_1 -1
0.9825583638384757 0.017441636161524245 3c23_2 -1
0.9825583638384757 0.017441636161524245 3c23_3 -1
0.9825583638384757 0.017441636161524245 3c23_4 -1
0.9825583638384757 0.017441636161524245 3c23_5 -1
0.9825583638384757 0.017441636161524245 3c23_6 -1
0.9825583638384757 0.017441636161524245 3c23_7 -1
0.9884777326062806 0.011522267393719523 3c4f_1 -1
1.0 8.455661782883986e-64 3ck6_0 -1
1.0 6.66927219382659e-60 3ck7_0 -1
1.0 3.4716479332680076e-30 3ck7_4 -1
0.9834095831037756 0.01659041689622449 3cu7_3 -1
1.0 6.398668098125947e-30 3d0i_1 -1
1.0 2.6763171287129254e-56 3d19_12 -1
1.0 6.98358869770223e-87 3d48_2 -1
1.0 1.0523480817425929e-88 3ddl_2 -1
1.0 7.1611926739890904e-31 3e0s_2 -1
1.0 6.443478499624133e-31 3ehn_1 -1
1.0 3.5079276593645948e-31 3etv_0 -1
0.5276377903975173 0.4723622096024826 3etz_0 -1
0.028251656668850662 0.9717483433311493 3fd9_2 -1
1.0 3.460742843245787e-58 3ffl_3 -1
0.9716444456698353 0.02835555433016467 3foo_1 -1
1.0 1.3868343010543387e-176 3ggz_0 -1
1.0 6.08118856712201e-28 3gm1_1 -1
1.0 4.113722947069133e-60 3gop_1 -1
0.6711274261199128 0.32887257388008717 3h2u_1 -1
0.5345524605972789 0.465447539402721 3hmh_1 -1
0.7797896565934371 0.22021034340656281 3hym_1 -1
1.0 2.8262582816439412e-30 3i9w_0 -1
1.0 5.788616244657261e-115 3i9w_2 -1
1.0 7.135135698574339e-31 3ieg_7 -1
1.0 6.971624330435751e-30 3ifq_6 -1
1.0 4.113722947069133e-60 3ika_1 -1
0.7107413886880802 0.2892586113119197 3iqc_3 -1
1.0 5.9953247781709266e-64 3iqc_4 -1
0.9938642359654313 0.006135764034568761 3iqf_4 -1
0.9938642359654313 0.006135764034568761 3iqf_5 -1
1.0 2.1735787400002723e-25 3j9e_0 -1
0.7813961103656937 0.21860388963430635 3j9t_6 -1
0.6617051543405699 0.33829484565943 3k6t_1 -1
1.0 1.933040576167757e-91 3k8v_3 -1
1.0 6.608815167267678e-30 3kdy_3 -1
1.0 6.608815167267678e-30 3kdy_4 -1
0.9979775957567806 0.002022404243219518 3kra_3 -1
0.9979775957567806 0.002022404243219518 3krc_2 -1
0.9979775957567806 0.002022404243219518 3krf_2 -1
1.0 1.856445275827123e-32 3kro_4 -1
0.9979775957567806 0.002022404243219518 3kro_5 -1
0.15707736627327518 0.8429226337267249 3ksy_2 -1
0.008041254581020436 0.9919587454189795 3l9f_0 -1
0.9636043920965942 0.03639560790340582 3lnn_2 -1
1.0 8.148869238501287e-30 3lsq_0 -1
1.0 7.99757404667452e-62 3msv_6 -1
1.0 8.277620954762803e-118 3mxz_0 -1
1.0 1.1456414744350763e-34 3n1z_2 -1
1.0 1.210843395660536e-28 3n24_4 -1
1.0 2.0252122411204735e-87 3na7_0 -1
1.0 1.1212091354967814e-32 3nmu_1 -1
1.0 5.130142954803086e-32 3o10_1 -1
1.0 5.390635093483698e-29 3o1i_3 -1
1.0 1.856445275827123e-32 3oac_4 -1
0.9979775957567806 0.002022404243219518 3oac_5 -1
0.8998659817673971 0.1001340182326028 3odm_1 -1
1.0 2.3548084210964354e-62 3oll_1 -1
1.0 2.3548084210964354e-62 3omo_1 -1
1.0 2.3548084210964354e-62 3omp_1 -1
0.932613824139032 0.06738617586096801 3oxf_3 -1
1.0 9.117691151625904e-30 3p4p_0 -1
0.9789129832081276 0.021087016791872363 3pdu_2 -1
0.9789129832081276 0.021087016791872363 3pdu_3 -1
1.0 1.0134075829940595e-30 3pe3_13 -1
1.0 1.0134075829940595e-30 3pe3_20 -1
0.9619736653940812 0.038026334605918706 3pef_0 -1
0.9619736653940812 0.038026334605918706 3pef_1 -1
1.0 6.488867900407889e-29 3pik_11 -1
1.0 8.05911536671962e-65 3pla_2 -1
1.0 9.560687301493509e-61 3pvt_2 -1
1.0 9.560687301493509e-61 3pvt_5 -1
1.0 9.560687301493509e-61 3pvy_2 -1
1.0 9.560687301493509e-61 3pvy_5 -1
1.0 9.560687301493509e-61 3pw1_2 -1
1.0 9.560687301493509e-61 3pw1_5 -1
1.0 3.8747061777077368e-62 3pw8_4 -1
1.0 1.2111194656616305e-116 3q0k_5 -1
1.0 1.7977137888272606e-61 3q15_1 -1
1.0 8.787072677511323e-58 3q15_10 -1
1.0 1.7977137888272606e-61 3q15_11 -1
1.0 4.992437046637079e-91 3q15_18 -1
0.9789105490646095 0.021089450935390476 3q5m_6 -1
1.0 2.4882484390772053e-33 3q5m_14 -1
0.9789105490646095 0.021089450935390476 3q5m_15 -1
1.0 3.239363987424472e-30 3qaz_1 -1
1.0 7.694244901157282e-29 3qb7_0 -1
0.5606276997199893 0.4393723002800106 3qf7_1 -1
1.0 1.7408130908107169e-34 3rav_3 -1
1.0 1.7408130908107169e-34 3rd0_3 -1
1.0 1.7408130908107169e-34 3rd0_5 -1
1.0 1.7408130908107169e-34 3rd0_7 -1
1.0 1.0084851776999123e-29 3rdh_2 -1
1.0 3.280863135823209e-30 3rdh_9 -1
0.9780428297559669 0.021957170244033018 3s28_2 -1
0.9780428297559669 0.021957170244033018 3s28_4 -1
0.9780428297559669 0.021957170244033018 3s28_7 -1
0.9928462530341112 0.00715374696588872 3s90_0 -1
0.9057916113124016 0.0942083886875984 3s9v_4 -1
1.0 6.398668098125947e-30 3scj_1 -1
1.0 9.493015421768355e-62 3sgh_1 -1
1.0 2.124903147516347e-28 3sja_0 -1
0.9970702793052324 0.002929720694767634 3smt_1 -1
1.0 5.399209835639892e-31 3t49_2 -1
1.0 1.0842804735172215e-62 3t9j_12 -1
0.9789105490646095 0.021089450935390476 3tgo_12 -1
1.0 7.848013400436551e-30 3tz0_1 -1
1.0 5.7181696437177075e-31 3u0c_0 -1
1.0 1.7408130908107169e-34 3u90_1 -1
1.0 1.7408130908107169e-34 3u90_2 -1
1.0 1.7408130908107169e-34 3u90_3 -1
1.0 1.7408130908107169e-34 3u90_4 -1
1.0 1.7408130908107169e-34 3u90_5 -1
1.0 1.7408130908107169e-34 3u90_6 -1
1.0 1.7408130908107169e-34 3u90_7 -1
1.0 1.7408130908107169e-34 3u90_8 -1
1.0 1.7408130908107169e-34 3u90_9 -1
1.0 1.7408130908107169e-34 3u90_10 -1
1.0 1.7408130908107169e-34 3u90_11 -1
1.0 1.7408130908107169e-34 3u90_12 -1
1.0 1.7408130908107169e-34 3u90_13 -1
1.0 1.7408130908107169e-34 3u90_14 -1
1.0 1.7408130908107169e-34 3u90_15 -1
1.0 1.7408130908107169e-34 3u90_16 -1
1.0 1.7408130908107169e-34 3u90_17 -1
1.0 1.7408130908107169e-34 3u90_18 -1
1.0 1.7408130908107169e-34 3u90_19 -1
1.0 1.7408130908107169e-34 3u90_20 -1
1.0 1.7408130908107169e-34 3u90_21 -1
1.0 1.7408130908107169e-34 3u90_22 -1
1.0 1.7408130908107169e-34 3u90_23 -1
1.0 8.347750088637389e-120 3vbb_0 -1
0.0006623040786361109 0.9993376959213639 3vkg_2 -1
0.32443136709838094 0.6755686329016192 3vkg_4 -1
1.0 8.209646253181518e-58 3vkh_0 -1
1.0 4.091043289089719e-87 3vkh_3 -1
1.0 5.514760945805502e-60 3vv9_1 -1
1.0 7.843721694923558e-60 3vxd_3 -1
0.8184955500984379 0.18150444990156217 3whj_1 -1
1.0 3.995243210917005e-62 3wj8_0 -1
1.0 3.234265331600664e-61 3zdl_1 -1
1.0 6.8306007866597965e-59 3zev_1 -1
1.0 1.0920178955141832e-85 4a1s_8 -1
1.0 3.0655876680863985e-31 4a2q_1 -1
1.0 5.781030625464233e-115 4akv_1 -1
1.0 1.8092283394242513e-28 4ayx_1 -1
1.0 5.563819540202703e-30 4bjn_1 -1
1.0 5.348669804495408e-121 4bxh_2 -1
1.0 1.5208076193978697e-31 4bxh_13 -1
1.0 5.348669804495408e-121 4bxh_14 -1
1.0 2.958921264006693e-29 4bxh_17 -1
1.0 1.5208076193978697e-31 4bxh_19 -1
1.0 5.348669804495408e-121 4bxh_20 -1
1.0 2.958921264006693e-29 4bxh_23 -1
1.0 1.0134075829940595e-30 4cdr_6 -1
1.0 1.6272156842487453e-81 4cgk_4 -1
1.0 6.61455774240416e-57 4cz9_6 -1
1.0 3.048988591428137e-60 4dci_1 -1
0.4476260465476482 0.5523739534523517 4dji_3 -1
0.7260553430268666 0.2739446569731333 4djk_1 -1
0.9285656468899866 0.07143435311001341 4dkf_3 -1
1.0 2.747082412537094e-88 4dvq_2 -1
1.0 6.619812613475361e-32 4dyl_6 -1
1.0 9.203016981446253e-179 4e40_1 -1
1.0 9.203016981446253e-179 4e40_3 -1
1.0 7.307275838075524e-66 4eeb_1 -1
1.0 1.2556722128222354e-91 4f7r_2 -1
1.0 9.764330938599605e-30 4fyg_1 -1
0.8656266473888706 0.13437335261112943 4g63_2 -1
0.8656266473888706 0.13437335261112943 4g63_3 -1
1.0 4.568294338366254e-60 4gam_0 -1
0.9180338964203167 0.08196610357968323 4gam_3 -1
0.9470865630647229 0.05291343693527716 4gbr_1 -1
1.0 3.2478598022546623e-28 4gpk_0 -1
1.0 3.5509331373830094e-59 4gpk_22 -1
1.0 4.505881553145024e-32 4gz5_1 -1
1.0 4.505881553145024e-32 4gz5_8 -1
1.0 4.505881553145024e-32 4gz5_15 -1
1.0 4.505881553145024e-32 4gz5_22 -1
1.0 4.505881553145024e-32 4gz5_43 -1
1.0 4.505881553145024e-32 4gz5_64 -1
1.0 4.505881553145024e-32 4gz6_1 -1
1.0 1.1755887577876096e-61 4h73_0 -1
0.9998467269719694 0.0001532730280305671 4h73_2 -1
1.0 3.2541043548662257e-55 4h8s_5 -1
0.09912546960918435 0.9008745303908157 4h9r_1 -1
1.0 2.946908990024763e-60 4hvs_1 -1
1.0 7.749800887475366e-125 4i0u_15 -1
1.0 5.69180613367954e-31 4i1a_5 -1
1.0 2.256835207239681e-57 4i1a_11 -1
1.0 5.69180613367954e-31 4i1a_12 -1
1.0 7.56636440497559e-30 4i1m_0 -1
1.0 9.560687301493509e-61 4ii4_2 -1
1.0 9.560687301493509e-61 4ii4_5 -1
1.0 1.451241631000318e-30 4iu9_2 -1
1.0 2.830187717300316e-30 4iwf_1 -1
1.0 1.8485330970736339e-87 4j2c_0 -1
1.0 3.556057289064103e-25 4j41_2 -1
1.0 3.0148811976555545e-33 4j5l_0 -1
1.0 2.4985180522393234e-63 4j8d_2 -1
1.0 8.766535609157417e-30 4j8e_4 -1
1.0 2.4985180522393234e-63 4j8e_6 -1
0.8522179638195518 0.14778203618044813 4j8f_7 -1
1.0 8.164191311440601e-33 4j96_1 -1
0.9377842084912639 0.062215791508736205 4j97_1 -1
0.9377842084912639 0.062215791508736205 4j98_1 -1
1.0 2.2329933957542345e-56 4jeh_1 -1
1.0 5.848185397228074e-58 4jt5_2 -1
0.9563915669105706 0.043608433089429355 4jt5_5 -1
1.0 7.368071052814455e-32 4jxy_5 -1
1.0 7.368071052814455e-32 4jxy_7 -1
1.0 7.368071052814455e-32 4jxy_9 -1
1.0 7.368071052814455e-32 4jxy_11 -1
1.0 7.368071052814455e-32 4jyx_1 -1
1.0 9.350554926519041e-31 4k1p_2 -1
0.9428574061216848 0.05714259387831524 4k1p_3 -1
1.0 2.753036296269941e-30 4kcf_1 -1
1.0 2.753036296269941e-30 4kcf_2 -1
1.0 2.753036296269941e-30 4kcf_3 -1
0.9648501361969826 0.03514986380301732 4kjs_1 -1
0.994938636105418 0.005061363894582044 4l0r_0 -1
1.0 6.092638292769763e-59 4l2c_1 -1
1.0 2.94445576914933e-151 4l87_0 -1
1.0 5.393153747702271e-34 4lfe_1 -1
1.0 4.113722947069133e-60 4li5_1 -1
1.0 2.551432523538759e-33 4mbq_0 -1
1.0 2.551432523538759e-33 4mbq_2 -1
1.0 2.551432523538759e-33 4mbq_3 -1
1.0 2.8784804407834594e-146 4mh6_0 -1
0.31462959622275355 0.6853704037772463 4moa_1 -1
0.31462959622275355 0.6853704037772463 4moa_2 -1
1.0 7.373939134125143e-61 4mt0_0 -1
0.1380133708274767 0.8619866291725232 4mt4_7 -1
1.0 2.038035500488263e-62 4myc_2 -1
0.18425818989813975 0.8157418101018603 4myh_1 -1
0.18425818989813975 0.8157418101018603 4myh_4 -1
1.0 3.995243210917005e-62 4n2x_2 -1
1.0 4.755522130305612e-30 4nqi_6 -1
1.0 3.800735644211985e-29 4ofz_1 -1
0.8656266473888706 0.13437335261112943 4ohf_0 -1
0.8656266473888706 0.13437335261112943 4ohf_1 -1
1.0 4.424031247174397e-60 4ojj_1 -1
1.0 6.514825048680475e-33 4on9_0 -1
1.0 1.296545449102692e-149 4on9_3 -1
1.0 1.861661195014319e-92 4phq_2 -1
1.0 7.724932623154627e-90 4pk7_0 -1
0.9993169446194835 0.0006830553805165339 4po5_3 -1
0.9993169446194835 0.0006830553805165339 4po5_4 -1
0.9993169446194835 0.0006830553805165339 4po5_5 -1
0.9993169446194835 0.0006830553805165339 4po5_6 -1
0.9993169446194835 0.0006830553805165339 4po5_7 -1
0.9993169446194835 0.0006830553805165339 4po5_8 -1
0.9993169446194835 0.0006830553805165339 4po5_9 -1
0.9993169446194835 0.0006830553805165339 4po5_10 -1
0.9993169446194835 0.0006830553805165339 4po5_11 -1
0.9993169446194835 0.0006830553805165339 4po5_12 -1
0.9993169446194835 0.0006830553805165339 4po5_13 -1
0.9993169446194835 0.0006830553805165339 4po5_14 -1
0.9993169446194835 0.0006830553805165339 4po5_15 -1
0.9993169446194835 0.0006830553805165339 4po5_16 -1
0.9993169446194835 0.0006830553805165339 4po5_17 -1
0.9993169446194835 0.0006830553805165339 4po5_18 -1
0.9993169446194835 0.0006830553805165339 4po5_19 -1
0.9993169446194835 0.0006830553805165339 4po5_20 -1
0.9993169446194835 0.0006830553805165339 4po5_21 -1
0.9993169446194835 0.0006830553805165339 4po5_22 -1
0.9993169446194835 0.0006830553805165339 4po5_23 -1
1.0 5.5488594047542196e-176 4q4h_0 -1
1.0 2.830187717300316e-30 4q50_3 -1
1.0 2.830187717300316e-30 4q50_6 -1
1.0 1.9027844052466405e-28 4qnh_1 -1
0.9904088100159358 0.009591189984064084 4qq5_1 -1
0.9904088100159358 0.009591189984064084 4qq5_2 -1
1.0 3.056243634856893e-58 4r42_5 -1
0.005844689557324334 0.9941553104426757 4rsi_2 -1
0.032136704389508775 0.9678632956104912 4ryj_1 -1
0.5931480613832043 0.4068519386167958 4tma_1 -1
0.3667237125613886 0.6332762874386113 4tma_3 -1
1.0 4.301130978448536e-90 4u0q_0 -1
1.0 4.292388267459664e-119 4u4w_3 -1
1.0 2.420967558171167e-63 4w6v_2 -1
1.0 2.817044236616063e-60 4w8p_3 -1
1.0 2.817044236616063e-60 4w8p_6 -1
1.0 1.4239350201775403e-29 4whe_0 -1
1.0 3.9529224226349176e-139 4wjg_3 -1
0.20986938945897957 0.7901306105410204 4wl1_2 -1
0.20986938945897957 0.7901306105410204 4wl1_5 -1
0.20986938945897957 0.7901306105410204 4wl1_7 -1
1.0 2.377475823387091e-27 4wlp_1 -1
0.9974567726648498 0.0025432273351502026 4wqt_0 -1
0.0786493456037745 0.9213506543962255 4xlx_4 -1
0.9992515922954809 0.0007484077045191797 4xoi_0 -1
1.0 9.952851131618712e-29 4xpx_0 -1
1.0 4.40882125108503e-31 4yjw_0 -1
1.0 3.510439614932625e-87 4z2c_1 -1
1.0 1.167111941764846e-30 5azo_0 -1
1.0 2.8690378182116603e-87 5azs_7 -1
1.0 2.4594646388157678e-29 5c21_1 -1
1.0 2.7110755969472655e-29 5c22_4 -1
1.0 3.4205352608487313e-29 5c5b_4 -1
1.0 1.1633717271391123e-85 5duo_5 -1
1.0 5.431048662745117e-88 5ero_4 -1
1.0 2.456299912469169e-58 5frg_0 -1
1.0 7.391395730873665e-59 5gap_6 -1
1.0 7.013436869026575e-93 5gip_0 -1
1.0 9.493301481596012e-32 5h69_0 -1
1.0 4.144219871575824e-146 5hkk_1 -1
1.0 5.963298128392344e-60 5i6r_2 -1
1.0 5.182948366472561e-88 5ic1_1 -1
1.0 1.5351694495432134e-28 5ic1_3 -1
1.0 3.3060243169908346e-118 5ir6_2 -1
1.0 7.748062215717486e-59 5j1i_4 -1
1.0 2.4311697271390502e-31 5j9t_2 -1
1.0 8.068294528629296e-86 5knd_0 -1
0.8614235682361574 0.13857643176384254 5koy_4 -1
1.0 1.9177070059179506e-30 5krw_2 -1
1.0 1.1094370715663022e-28 5l0g_1 -1
1.0 1.0684191348388685e-118 5lb7_2 -1
1.0 5.819205247260695e-57 5lhg_0 -1
0.8935982921709673 0.10640170782903263 5lm1_2 -1
1.0 6.701719030184859e-88 5m4y_3 -1
1.0 1.5738331123827232e-89 5me8_1 -1
1.0 6.177219344274412e-30 5mk0_11 -1
1.0 3.3817394185701673e-32 5n72_1 -1
1.0 1.7995134355126352e-96 5n9y_6 -1
1.0 9.74292237405173e-32 5nen_2 -1
0.9346276164197603 0.06537238358023968 5nen_3 -1
1.0 6.301312572615736e-92 5nfd_1 -1
1.0 5.3857224642444966e-89 5ng5_28 -1
1.0 1.1120826376127974e-34 5o66_16 -1
0.9709446221991699 0.029055377800830232 5och_10 -1
0.9885374120448559 0.011462587955144097 5odw_1 -1
0.14526172595978112 0.8547382740402188 5oo6_9 -1
1.0 1.0321186664379786e-28 5ot4_9 -1
0.9993945454004443 0.0006054545995556636 5ouw_1 -1
1.0 1.8372851436763069e-93 5owv_2 -1
1.0 4.399536912409517e-63 5sx9_0 -1
1.0 1.4648876537587623e-26 5szj_1 -1
1.0 5.957114280728206e-59 5t8n_0 -1
1.0 1.3608434282621792e-118 5u1a_9 -1
1.0 2.1967766640969936e-141 5uz7_1 -1
0.9758465912400206 0.024153408759979414 5v5s_20 -1
1.0 2.2977283592854124e-118 5vxj_10 -1
1.0 2.1855007596982823e-56 5w3s_2 -1
1.0 1.0302361566353516e-116 5wjt_25 -1
1.0 8.749076709850888e-89 5x11_5 -1
0.5183973024658046 0.4816026975341954 5xbj_0 -1
1.0 4.46065864248342e-32 5xei_1 -1
1.0 6.228966756582973e-59 5xg2_0 -1
1.0 1.1387107732735466e-144 5xsj_4 -1
1.0 8.992758291075753e-39 5xu0_0 -1
1.0 5.780711329408486e-30 5xub_2 -1
1.0 8.005389515409335e-31 5y05_1 -1
1.0 6.815963021912452e-58 5yw8_16 -1
1.0 6.530807017026081e-32 5yx5_2 -1
1.0 1.3518066849041962e-33 5ziy_0 -1
0.17528963372534895 0.8247103662746511 6b87_1 -1
1.0 2.244663430011063e-28 6bmm_1 -1
1.0 1.1967005832963758e-59 6bqt_19 -1
1.0 9.8345167664055e-87 6bw6_1 -1
1.0 5.573883235009389e-86 6c48_1 -1
1.0 5.955791530744223e-175 6cno_7 -1
1.0 3.2120906862696674e-92 6d3r_0 -1
1.0 3.028757296376444e-147 6d7k_1 -1
1.0 1.2568843901569182e-61 6djl_6 -1
1.0 5.43308550135665e-97 6djl_7 -1
1.0 4.479558636014035e-57 6ehs_0 -1
0.026367978267236462 0.9736320217327636 6ewy_0 -1
0.9935702780622117 0.006429721937788335 6fws_1 -1
1.0 3.2569490233308437e-60 6gka_0 -1
1.0 1.9764606380027986e-61 6gy6_32 -1
0.9871201379248653 0.012879862075134713 6gy7_1 -1
1.0 3.785144042139962e-60 6gy8_4 -1
1.0 5.9822798972351914e-114 6h2d_8 -1
1.0 1.406032755275869e-174 6h2f_19 -1
1.0 1.6228820690647201e-52 6h2x_0 -1
0.8801892196781187 0.11981078032188126 6hgc_1 -1
0.5118007335490423 0.48819926645095757 6i1r_2 -1
1.0 3.4609556130405085e-149 6i8a_1 -1
1.0 8.228419266939948e-145 6jbj_0 -1
1.0 9.498866277982801e-29 6jbj_2 -1
1.0 2.3863553658392785e-148 6jfk_0 -1
1.0 2.1476563477190012e-116 6kk1_1 -1
1.0 8.793111956230614e-119 6kk8_0 -1
1.0 1.5057989860558033e-118 6kkt_1 -1
0.01574071120091089 0.9842592887990891 6n9h_0 -1
1.0 2.4457982800263177e-146 6nq7_0 -1
0.17943227211633028 0.8205677278836698 6nrb_14 -1
1.0 5.382325517313332e-30 6nrb_16 -1
1.0 1.6950988413429698e-56 6nrc_0 -1
1.0 2.662521135146426e-60 6nrc_5 -1
1.0 8.263370464425423e-26 6nrd_16 -1
1.0 8.66220228785102e-56 6o2p_2 -1
1.0 2.5436613338555682e-30 6ogd_2 -1
1.0 1.1010832510123504e-146 6oit_0 -1
1.0 1.5776452875358295e-85 6pfv_1 -1
1.0 4.1054633892765256e-60 6pzi_3 -1
1.0 9.752914978601e-30 6quz_2 -1
1.0 3.63083975110346e-31 6quz_3 -1
1.0 9.131820411109983e-88 6r9t_3 -1
1.0 1.1672249670905025e-31 6raf_4 -1
1.0 1.0863355882429931e-29 6ran_2 -1
1.0 1.6059892326110163e-84 6rko_2 -1
1.0 1.0639757775715513e-65 6rw6_3 -1
1.0 7.041104079099658e-182 6rw6_14 -1
1.0 1.1358257271982215e-31 6rwb_3 -1
1.0 1.0014296079115886e-117 6rx4_3 -1
1.0 7.038913640054488e-60 6tdy_0 -1
1.0 1.8845932696862338e-88 6ud8_4 -1
0.25586059021900737 0.7441394097809927 1b3q_1 -1
1.0 2.3424390144971615e-31 1ii8_1 -1
0.8862022999140503 0.11379770008594968 1ory_6 -1
0.8784654612326255 0.12153453876737462 1yc9_2 -1
1.0 1.4068960961694943e-36 2ch7_3 -1
1.0 3.092966999007931e-32 2hsq_3 -1
1.0 3.092966999007931e-32 2hsq_6 -1
1.0 3.092966999007931e-32 2hsq_9 -1
1.0 3.092966999007931e-32 2hsq_12 -1
1.0 3.092966999007931e-32 2hsq_15 -1
0.0005898722664082334 0.9994101277335918 2jee_0 -1
0.005135044133522154 0.9948649558664779 2jee_1 -1
1.0 3.6017048454429195e-35 2nvy_2 -1
1.0 3.6017048454429195e-35 2nvy_5 -1
1.0 7.222508898684779e-62 2oto_1 -1
1.0 7.222508898684779e-62 2oto_2 -1
1.0 1.3288124201124495e-28 2quf_0 -1
1.0 9.934912502289107e-30 2x7r_0 -1
1.0 6.594884144264736e-28 3aqb_0 -1
1.0 4.4998807429065585e-31 3fpp_10 -1
1.0 1.5683314898057945e-140 3htk_0 -1
0.9991827098360099 0.0008172901639901043 3n24_1 -1
0.725358614177772 0.2746413858222279 3thf_3 -1
0.725358614177772 0.2746413858222279 3thf_5 -1
1.0 5.081337010874895e-55 4b7y_2 -1
1.0 8.992730852913229e-60 4d10_12 -1
0.47671114517975394 0.523288854820246 4iyl_1 -1
1.0 5.456363237119114e-62 4k7r_4 -1
1.0 3.2003585206090254e-57 4kp4_0 -1
1.0 8.352471031920636e-59 4mt4_3 -1
1.0 5.1711965870630235e-61 4qjv_0 -1
0.5754409758273833 0.4245590241726167 4wfd_1 -1
1.0 7.252861998037209e-29 4y1k_3 -1
1.0 3.0115735011091856e-60 4yv4_0 -1
1.0 2.580622449762461e-29 5azp_7 -1
1.0 1.2050949024350056e-29 5gna_1 -1
1.0 7.360006386427871e-62 5ic9_0 -1
1.0 6.590675063370462e-148 5j9w_7 -1
1.0 9.845186890823578e-82 5mg8_1 -1
1.0 9.201421464746309e-61 5n5z_2 -1
1.0 1.7585009460363208e-26 5ng5_6 -1
0.99965672889843 0.000343271101569902 5nl1_3 -1
1.0 5.40989530654875e-199 5o66_0 -1
1.0 8.950456512854616e-34 5oqm_4 -1
0.9977702512842785 0.002229748715721424 5wwl_2 -1
1.0 2.161521506933369e-28 5yfp_1 -1
1.0 1.5662711773369435e-33 5zfp_1 -1
1.0 1.2671516062439188e-28 6c5r_5 -1
1.0 1.2015024061948785e-27 6epe_11 -1
0.9364698903250016 0.0635301096749985 6ezn_1 -1
1.0 7.7148195725940785e-90 6kw4_2 -1
0.8500746079411885 0.1499253920588116 6nin_14 -1
1.0 5.178908455032812e-147 6nyx_13 -1
1.0 3.535122356736591e-88 6r7f_12 -1
1.0 4.308299810176231e-30 6rw6_6 -1
1.0 2.4344161819013634e-88 6rwb_5 -1
1.0 6.507189516004494e-29 6rx3_5 -1
1.0 2.9388543762740156e-29 6v00_3 -1
