17.96541670323943
50.914282263898826
58.25818550357844
47.02953074027632
63.96434122983019
34.2655552015491
47.29766712493862
418.9052135921397
101.91294872143627
56.429752285997765
298.74382007968273
298.74382007968273
96.60972854457074
51.35584152292193
67.05323527427888
90.41369654763452
80.88414212068244
80.40529707083549
163.78381809476085
166.22313365363897
87.80500342024241
92.04483188307105
34.36257209962214
57.93113604050624
52.99835579731823
71.50600309316695
85.25926951635643
117.11809578268846
183.3874096640747
37.164560026141054
67.92314710424392
34.36257209962214
64.80323077968666
46.61235812729971
64.90781696278985
49.88818058183483
39.41311290544968
39.41311290544968
94.12990202826666
42.669273589106
40.05707303059945
40.05707303059945
40.05707303059945
210.3282818601495
61.788539817619004
68.66975635691034
76.15523105557924
87.8595455433348
35.374072416433876
458.4629409719084
32.005889135590486
30.37422093017951
81.30530168243453
33.020982611277624
33.4775918460333
33.4775918460333
67.68301131101688
49.134610659050125
60.691143861685404
87.95335888436536
41.71319486822561
138.76948474860973
36.932815651831284
81.16999196856588
43.9467934841768
79.46167792135698
79.46167792135698
34.401408494952925
154.60296593645347
78.84656466527261
73.82828917175134
136.14712709264174
109.77399190255505
49.285686481811766
53.346720363442486
122.76467017293567
145.03140729361073
35.49665177160825
33.639799493829116
94.00876994718477
43.627441258770475
59.69383835679362
70.9203296283444
52.37513764366304
82.6598874379774
64.64332728334192
73.13811538912091
33.87351382073816
194.1425912910833
91.81200783869578
224.42118194363988
70.00848355241178
72.02222827680401
115.92569835108569
60.9139905660953
55.79927766981499
43.95877698971552
71.38804855568675
64.69915690242854
29.272066157445906
49.091833177152196
56.57755590461041
41.668623466323666
317.46942110151025
66.84779993352515
178.959951170883
84.4621774685719
102.36540393826402
127.10479580517128
139.46339339694507
233.71662634714426
128.73490495302187
84.99681082200576
44.564421035982456
155.55119419442732
46.12642198927412
173.60999274487972
55.954198150681954
156.83233935012484
40.810406480221445
92.22780906857395
23.923153026177026
48.54463782347009
146.37437027721128
117.11094049486194
43.42766632643245
141.26016022935113
48.36272653870485
25.598005764974204
104.04538800535606
104.89401496466868
67.60068009727193
40.48975436667111
49.35850260369686
109.17975092361354
64.00569947446482
79.40346879826721
50.0083353395095
28.546431032894617
43.65957893023145
160.2860198694987
164.31640641155641
255.01411742852216
34.63361605964767
69.42694057683751
30.77082875959058
60.46351181894654
35.329034305852254
45.54657146128366
63.1333113307692
51.464616214404174
31.551585209542424
261.4749620115274
35.94829731025482
61.20919657758699
99.05922316851795
80.44112186755652
61.79221549308705
47.747367886127385
64.99318744304105
103.22751087204217
41.78211389515835
30.690384177739283
63.038960562824485
82.25717625888943
75.33823791226423
225.06847864541646
159.07960906814478
39.975761138480784
46.46923620871818
72.07007463013531
128.23089211901384
25.309548272993407
81.09584243758248
42.9102837200644
309.84133363318415
71.90032062547868
75.17313052557378
37.2031312375619
111.74860626726787
58.73424947733045
53.67101006025892
32.34348190060309
41.16624529096588
161.86133092203815
88.90246376391278
30.70624841636353
37.38190862665833
110.65052366786614
182.79658799843745
143.36294620097323
187.85163432649352
27.352805581304477
119.07156504123175
132.97271076063527
97.64297437723364
185.65792366366094
40.222252759579085
57.52260385838267
84.35977641537454
66.29440986686551
54.8187329461541
92.20956060304195
45.341452647773835
62.385674064131514
131.18238798704724
144.63552310911652
29.435593980738602
58.4414755414231
88.3173838255249
55.416238264102965
58.84826485013964
28.900420539086866
55.28898982001265
147.06636822860227
107.841958815661
45.7746476207745
29.717685453962172
103.79641870452403
167.4397389297399
45.25580082803796
36.06755981672604
42.906465296310216
233.7439349450941
49.46998274283576
103.64359108037388
264.3516023868117
237.7434162121478
42.161017575537706
98.68148408852082
280.6229964082954
130.34531060102142
100.52265139723757
57.4266713115773
79.53864761325528
282.26193260077923
62.532315656998094
109.81323028854902
93.38881036671418
65.51637595220758
65.81432019276693
73.52952872420852
52.70949979817584
61.08723356012993
29.413288223224306
32.68503568203648
89.4824512579131
64.7275615963898
103.55418878968867
122.45750785034308
73.60489020769418
47.43836563693196
101.94108926653394
67.5337981321011
197.0996363930381
49.10807481723359
46.947253692133785
139.21177641903338
31.5479475190996
67.7915663991052
53.846270848144044
31.981876898056267
80.26205851970279
43.953297988383895
45.47667844930375
63.962878456367534
41.86256280512817
68.04668547637279
53.247407200060756
44.45197022609962
43.96278743107915
44.75412270007404
43.695623135735445
55.737013658135695
36.13912162202669
45.81892162437637
44.198031765982044
40.103621442014735
43.75506458944244
44.366689161764484
44.366689161764484
30.737663877854605
30.737663877854605
62.22087712574737
43.9874418167036
42.04834264750637
43.938251572512826
46.022762423436056
61.54394231720441
44.655920750848054
38.108473722118894
50.21118724406861
51.341462390496126
44.48785584191618
64.3097667476175
64.3097667476175
64.3097667476175
64.3097667476175
43.803972596150814
43.803972596150814
43.803972596150814
47.13790769053272
40.103621442014735
40.103621442014735
50.355825419112875
49.930534884027466
63.44266207059931
38.604988989460246
38.604988989460246
46.57034023281199
45.704693233756586
45.50363799685536
46.29708699856082
56.11211510229932
43.073690231348124
42.61743074263544
53.40420465355532
45.649315131176095
45.649315131176095
46.80270474139131
60.34713052960421
42.85764742939071
99.28699342037521
44.678155483112846
50.293514281743164
44.60569640364941
46.72586359645123
60.87737003795245
42.64086779402842
40.473534757132605
29.522103272837178
59.5512054832395
41.86256280512817
44.08695651850779
47.05670779306809
36.292127503105945
45.01854161905519
32.81275996150487
54.04063573390514
50.08932065013053
38.172835737824606
45.74913208318766
39.70485243701009
45.64456823723159
36.92110235724237
46.80270474139131
48.52441754567348
39.11123537995443
34.32653144890823
37.87976280641958
41.84291262654941
43.57818003666503
44.279979762732765
43.49418071014539
65.63707249822376
37.977112757369866
43.29755509387705
43.29755509387705
43.29755509387705
42.048342647506374
49.40729275261299
49.40729275261299
45.90955258357592
58.030518800098456
44.78269879896576
39.890365390744236
43.8364291656184
29.844493882929054
58.0780739027091
43.41615883867053
34.91968467087585
60.86546415003388
43.8693332958826
43.33661228580746
35.816602150343876
40.55362697776332
81.65827816489495
47.07605075591122
35.098980429127
67.81555085088691
41.971477396398576
50.85008801836546
36.50460848565933
42.68802775053614
46.131637373541885
44.30872715412278
75.59530042118692
54.74951808225442
35.77466356265319
32.481816735609904
47.468897400060165
44.09688349923192
43.71305168254676
39.78159604024054
36.89389451090025
44.28449163915898
46.671173710154605
44.58219985050098
44.70318261876999
42.45854623723447
46.385917519609414
61.59340487608901
41.107038229123276
43.06553794975535
38.112845601754884
63.42576673895863
29.219907287185528
44.3191159128654
35.0434122621104
63.58522636336162
39.143866283428665
39.04771020220933
44.44602410291571
92.48537969507976
41.86192804856899
41.486867614763476
51.84380487833202
45.24840966925333
45.24840966925333
70.29529854407853
46.06317514680074
35.91500352271787
35.91500352271787
54.364663775122075
54.364663775122075
47.802483914104634
44.83241138733121
39.92062192787159
39.92062192787159
39.92062192787159
35.58354706591227
39.92062192787159
39.92062192787159
47.07790432456054
41.78349067149298
32.481816735609904
43.52717087354804
48.06540706487871
37.23271077417419
46.60531073167658
49.90610917604015
46.60531073167658
35.17285535362443
48.60543324198995
51.00301060030463
41.971477396398576
49.576957747045654
42.63426438579897
45.21799564983931
46.553390674498225
69.25754232643057
48.899083575142505
47.74416981864876
40.71359666771505
87.966976067306
55.20521409227265
65.10234029250408
36.154042233704324
44.164464071682616
44.46602918964073
41.79266722133997
45.07491602658293
42.419224618089444
40.72964088479504
45.448783320305154
53.25520072979868
115.0296658723441
38.28026849407919
39.12028025009091
42.29466225616883
46.32396103971782
43.25462263808977
41.829437952520664
46.46526465803087
44.91360560567484
39.713223004846576
31.802238489631375
41.500681598266276
32.74349858569275
44.529696777555316
37.018850720854196
42.72601349883511
46.86354560280206
52.50661555386649
47.795103806807006
45.31597598294965
40.97378711243607
28.62331573905067
44.754159190431466
47.70110245826188
44.28804603444537
39.86030743165851
73.12487572198863
47.846456098925984
50.615894630864666
36.4767262641566
46.189806322258555
43.205803880128656
35.334849320178435
29.71441547151775
60.64414109433871
58.983314122666854
43.78393184526736
57.30174915508865
43.86244050599343
45.82567109959521
37.074947043129
49.545082917363054
41.734045607178686
56.89111051520669
60.5367263090195
56.61695095528954
54.48885733767013
47.83009677480462
42.077143468579386
35.06732266369788
45.29590033555575
55.049887823723765
41.11482128960344
41.65104984510807
32.83650213693314
39.257731699532734
47.77797066249327
28.586308930012574
34.10159571788599
71.53947758425875
37.99544267939041
46.74468090127494
30.449644247098774
36.61005074022155
64.58036151122151
43.193037171349275
45.43461271623552
39.362517399102444
44.938032819553136
41.675022266729215
42.03578731385029
83.84530495003054
45.302670607632656
58.25531747456186
59.87448503010098
62.51022903779371
44.707690927041334
43.3195092193955
42.52899259734941
50.60358545210739
59.68601721395344
49.2670447834968
30.594410688218538
44.993743426567136
79.31489032956904
42.03828095369268
41.743969715672954
40.77982564024083
43.39232780289368
45.151250304928254
34.10085920410031
42.44169747394151
64.42872650883547
33.91389155658018
49.899283210969756
34.04256270545228
45.40047474091255
47.467551323669014
40.33269209215657
46.36679256093701
49.932974579739835
48.807185603322836
38.72697247949687
42.91047335594892
41.11208428387808
41.48862947738011
110.51846780235279
46.1987832258328
41.132510641520504
31.608485445270055
50.08932065013053
41.98293619359933
41.975607744016905
46.89683158043553
30.95320342313189
43.74264206944388
41.69995514842214
46.32187887351349
45.354933050860396
42.698996781906715
42.02547957405709
40.103621442014735
47.22252297885429
31.961378802840976
39.196110682466184
44.23008425869092
38.83282694428799
55.76612894181848
68.17036497888442
45.90089822090918
41.19544918646733
38.85145311185084
40.635224811721095
31.794587435762274
42.24307105044052
46.87101389740959
36.214222374415755
41.20714803015883
35.40745511164603
48.48605559680351
40.8764656540119
36.90651072445623
112.15672179284024
66.13106511558954
43.66460747928719
73.64639429237558
116.05904674000931
42.70640013934093
77.63218218422455
36.90651072445623
38.62476188988792
38.62476188988792
137.01904571132258
34.11841064904547
34.187078415450955
36.34129374595254
109.6017401942446
41.85410757396346
47.568121479185635
51.26476869329956
46.376700993481705
37.43250755162307
27.51244177751946
32.074981929914486
42.00033648964914
83.92998703683416
61.699072925844355
61.69907292584436
85.91534009170488
38.02384440993925
37.243657606195846
32.635905390663254
99.17027126555335
99.17027126555335
99.17027126555335
99.17027126555335
99.17027126555335
99.17027126555335
108.8462292763277
46.27724814145141
69.94461497515148
78.71702681712327
36.60142627217661
36.60142627217661
36.60142627217661
38.35521543584362
41.68838663322899
249.23264810472568
85.47442544289085
45.819650096973014
41.762355894117576
60.12407085058713
24.254219054720885
87.29196388091029
139.9345417412246
136.82841014495312
42.429854514592044
45.77726392659143
51.80043663065167
180.44028284096805
36.045298847727196
46.15352347873831
20.413892280296253
38.394436148996895
40.17072899107978
39.84493728032797
70.63522074784939
89.66417779534244
44.04484515487289
36.15324343438329
43.485156331397434
75.27029447758892
81.75837726476836
36.1650381794458
44.256111509829374
211.26471860050825
37.44882085324196
101.92576170947937
40.11526739382461
41.92085347788834
45.83025645673194
37.88855004643283
103.74574754968341
45.53697237017195
38.047924223316436
38.394436148996895
166.41029621251835
180.34109469383054
37.189887195643635
65.48557905104295
100.79091603569687
93.23860565612046
44.93381873052629
44.55287639140805
45.18902933335036
36.13053840179259
55.213431390778744
75.90801881861043
46.725427493998254
37.83649350474029
105.65187044030388
203.43927355261653
98.92391684072327
92.58005344753185
53.74085987153626
40.884869511779705
36.11781029265791
92.84762900244803
74.69185219993406
47.0228062413924
116.71816952357418
46.35336954060487
139.0591386393519
344.6236411783926
124.87148685681132
91.4695064779447
92.81617305447686
92.38612169824385
133.3695718398046
58.02364450788221
59.8179812725064
70.44693289982341
62.55103087082039
138.90618624062063
133.04337192478073
73.14499325878053
55.679849168795954
40.160820891857284
42.15728830486715
46.27334054584381
50.32091325593127
41.727715070095066
56.66436507765481
65.92836757357969
89.27804251506349
45.42011749916933
139.13241674812716
96.97902501563318
50.11269535483373
35.90318333933981
35.94778827141989
76.91990529914435
98.6364280121046
98.6364280121046
72.32910489711942
73.42615574527656
75.25003433173815
76.3955678927994
106.67934995083198
122.26211560135708
109.95742408274661
46.86432122919626
36.034922937150995
46.86432122919626
40.3642472319496
58.965695592134416
73.82809672976293
88.64972023381665
55.768291032538954
78.36154961580603
82.39731219816095
76.91990529914435
72.14095036079156
42.979320442817944
68.97489409423761
68.97489409423761
68.97489409423761
146.0461360989205
52.73957968759449
37.60423297409831
50.80848501023882
77.58128548274122
48.976836431759
79.8619594792627
79.8619594792627
51.400718379709225
51.400718379709225
51.400718379709225
34.33836935806935
34.33836935806935
96.98536484130301
96.98536484130301
36.33544518681373
36.33544518681373
39.93196570022756
103.60969357589754
46.04737864915357
126.90135872260007
104.88226651641715
85.26585965007317
42.17225828061311
49.78776664797533
92.13209001084331
51.742597536169974
45.35422002589698
45.35422002589698
45.35422002589698
56.844262022548264
114.75027668392575
61.72062752926033
48.494890282786656
58.98799375676511
97.13698390378602
40.66752063178034
98.23936262047178
57.789439968409695
41.8431464925586
64.8381106832511
71.3102098268127
37.62478817467415
61.01079688096268
46.25695640159982
32.87111024038279
105.66784808468041
92.14797007001256
81.88144108056227
72.35307163089362
76.1237797913248
40.61681154269062
34.463333163020316
74.39870344010006
172.02785636318387
124.07061369370362
39.852077152059394
72.58245532869459
50.54235511025827
89.55143700505013
77.15725363541124
95.41917706068453
64.2298839271166
36.769659426378084
113.46570889836525
81.6357643333367
81.6357643333367
81.6357643333367
31.903731842729183
82.80490768552522
79.94467606353594
50.21395307889674
36.59568230480328
44.00854487498264
53.242375131927936
58.75141697972368
41.52797555500249
57.26310588454207
33.42949452166757
95.22357318546419
43.84693771683593
51.134625526583946
60.31506409284985
107.37761211170125
338.0961681082961
73.07041244075087
80.05705340177342
39.346128571491604
118.64351609255304
43.17446901494003
43.17446901494003
46.703169428782395
62.725534885050216
80.58510257324961
174.03020987434485
174.03020987434485
47.280015604135386
314.5395121124122
249.02342477325746
41.59696224041486
35.465838232256765
39.937159181399075
38.94551705635616
82.76841205283634
77.73615283142979
32.60329519451586
84.56116944660388
45.05041036565759
103.9143104327014
42.02460929970268
258.13743396240557
39.19163197738967
38.47796890441918
99.73315991338785
76.9984735429615
78.68003990169353
85.16759549497365
42.789249458298585
303.5161385882593
40.66752063178034
39.586124267064946
47.93605617708622
29.330661957350372
70.92904890909949
77.8247787423046
156.3994123786023
73.91963230711582
73.42615574527656
43.19609291596667
48.494890282786656
118.07204298678464
45.66896506638255
37.17260861024711
71.89064705836245
134.29918805699808
82.6054170885459
122.65536556764856
66.57732469026095
306.1758217582713
142.01101660406985
99.55350988962688
107.74027078446002
93.85249816803308
108.87388442908156
61.918386599286045
43.3485609814537
60.666174682093555
72.77252209965026
64.11621355702506
63.55337811770306
110.51312030996593
46.719905928123424
123.20576998793955
66.98121799326245
76.75702431723414
39.996052500230405
66.64820180621015
78.04573423834819
59.361155531874786
46.60558910044353
58.84090897115318
67.82741836509749
71.73370104609789
47.80761525917519
145.04616376182813
75.81699979385805
102.53836917348195
47.39161635645879
38.379141373724245
67.96339361311932
140.5210663538438
67.8868866309185
73.37649341308646
48.08650301956141
46.07233177393563
83.08801743935356
53.34547877675962
38.75814608820152
121.91014652253679
34.01127785839796
26.913041806522596
33.533413999528996
35.61781949099139
61.45977516653373
50.98297542167411
33.966737918622215
59.74073515114516
53.0064206506133
53.0064206506133
53.0064206506133
48.955592158531545
58.36999123013786
58.36999123013786
36.64494824831071
61.4633944836982
40.045685083205186
84.79415866064281
159.64051222223821
67.69040611500996
41.421721988161956
67.69040611500998
75.58000844628654
36.94813393457607
61.79308585666742
58.36999123013786
58.36999123013786
41.20240516737094
37.840481653790604
37.840481653790604
37.840481653790604
57.9016635491441
34.81302216263002
130.64850186500985
36.901888937252465
52.76712096900135
65.49807519331003
109.61565304141742
151.3432914115853
41.371852688489355
40.30420043687501
40.045685083205186
46.56537817507542
41.52601306241921
41.52601306241921
35.52953822598289
57.65733529567296
70.47253885869648
78.23799139262955
40.41438791778563
92.73851516437767
34.192884413430015
40.83669841303156
32.619376736633996
52.05728979186255
41.910732867320434
54.98674599557526
43.78760190703694
46.9530202230443
46.9530202230443
39.7469953303889
38.08396086195077
40.51650117023201
36.9924673014379
40.51650117023201
52.094788831561566
39.284635075265804
74.78875938167678
37.00354226021232
38.57582892786226
38.57582892786226
43.902231427725134
125.50077684384064
51.395672024304524
41.30662679256251
58.36999123013786
58.36999123013786
34.47248318950237
50.39809762019393
42.56612199213752
62.01850149340285
33.33819670963207
37.00354226021232
37.00354226021232
71.43838493516176
50.086501899262245
50.086501899262245
50.086501899262245
65.52677034253259
56.31472763636228
59.07960988784026
41.60016740294828
59.07960988784026
41.60016740294828
44.439562841938226
44.439562841938226
59.07960988784026
41.60016740294828
59.07960988784026
41.60016740294828
44.439562841938226
44.439562841938226
44.439562841938226
61.3883340284765
87.99727495175964
45.763995247245425
72.79306481356197
45.763995247245425
37.97507672775994
39.21230694876708
39.42376150776632
61.3883340284765
53.1671739260894
41.371852688489355
59.99620638212673
41.59767649834159
58.402499755963476
43.34368453253144
65.59702103615025
67.74185162217503
43.465249136228124
61.293292832977755
53.32347669870471
48.24968567432306
35.06985105849701
35.06985105849701
35.06985105849701
35.06985105849701
35.06985105849701
35.06985105849701
55.549384917708856
41.985187284492646
36.64576868689472
31.455102336956905
54.403268794474855
38.52385328120525
38.52385328120525
101.41646123196944
101.41646123196944
37.00354226021232
37.00354226021232
37.00354226021232
71.10300006918959
51.97980874766402
36.69344486426803
35.27009056898665
63.656071065444515
59.040950531836884
51.50907679167034
43.34368453253144
59.77116060956607
82.26761556124505
61.3883340284765
39.50447461270186
36.53332394994689
40.1961946711787
42.44225776338466
42.44225776338466
62.43494508113966
56.021906553736834
33.53131051053086
45.68988049329697
43.46679010047247
41.09027667551347
80.25926995520706
81.36799306103688
61.55596684538524
55.91420446554602
81.36799306103688
61.55596684538524
61.55596684538524
29.34534911366066
29.34534911366066
29.34534911366066
90.52764347726163
80.75689213147079
76.378591193544
44.301811744447484
43.26245747161504
58.370500526086595
58.370500526086595
43.26245747161504
35.92936261747434
40.911985390036435
93.31978419496009
73.71458149235256
47.59685470472252
39.45928174995221
33.527618805982094
42.786510887773815
50.848891766862366
74.82442664997892
41.371852688489355
41.71415373098227
41.371852688489355
103.86200623090096
57.297442157726486
53.805809701804286
84.11386953191226
49.79091243896946
84.11386953191226
80.902274331348
84.11386953191226
49.79091243896946
84.11386953191226
80.902274331348
84.11386953191226
49.79091243896946
84.11386953191226
49.79091243896946
84.11386953191226
49.79091243896946
84.11386953191226
49.79091243896946
84.11386953191226
49.79091243896946
84.11386953191226
80.902274331348
84.11386953191226
49.79091243896946
84.11386953191226
80.902274331348
84.11386953191226
49.79091243896946
84.11386953191226
49.79091243896946
84.11386953191226
49.79091243896946
84.11386953191226
49.79091243896946
72.8328464735294
72.8328464735294
76.72703321287801
34.30381262149247
57.19547140691055
71.47221887945778
71.47221887945778
47.7266186337106
71.47221887945778
33.78608071844259
74.8671332183551
36.45528708475718
36.45528708475718
37.565203102870655
41.54858249788794
41.54858249788794
49.0705540294334
49.0705540294334
29.898026894652872
73.33010811385752
37.04380217413844
55.98229940176638
44.67686169675761
44.15260998120279
44.15260998120279
38.50561510548218
40.2495816728415
167.6683623000047
90.17991709484895
38.822313849219086
81.63368371369043
55.977825653959776
78.13516108711296
69.38403966721422
88.0886073778626
76.11911343675773
31.832724407451725
57.64589024110778
42.33145036469012
97.20302685381456
89.29297821562996
45.49285324140158
46.03285107020071
46.03285107020071
66.49340267257254
63.38382036497099
76.81978045885162
83.7656426764176
29.34534911366066
29.34534911366066
41.95721669658393
61.05564304770155
41.65569077206857
59.173271525927
52.380123513325074
70.3774053518078
42.68603718926498
42.68603718926498
42.68603718926498
36.52191117600608
41.98340388527032
66.42087291146073
63.508127610434926
63.184045538071615
63.508127610434926
63.184045538071615
37.802537291339746
63.508127610434926
63.184045538071615
63.508127610434926
63.184045538071615
37.802537291339746
63.508127610434926
63.184045538071615
37.802537291339746
63.508127610434926
63.184045538071615
63.508127610434926
63.184045538071615
63.508127610434926
63.184045538071615
37.802537291339746
63.508127610434926
63.184045538071615
37.802537291339746
63.508127610434926
63.184045538071615
37.802537291339746
63.508127610434926
63.184045538071615
37.802537291339746
63.508127610434926
63.184045538071615
37.802537291339746
63.508127610434926
63.184045538071615
63.508127610434926
63.184045538071615
37.802537291339746
63.508127610434926
63.184045538071615
63.508127610434926
63.184045538071615
37.802537291339746
63.508127610434926
63.184045538071615
37.802537291339746
63.508127610434926
63.184045538071615
63.508127610434926
63.184045538071615
63.508127610434926
63.184045538071615
37.802537291339746
63.508127610434926
63.184045538071615
37.802537291339746
63.508127610434926
63.184045538071615
37.802537291339746
63.508127610434926
63.184045538071615
37.802537291339746
63.508127610434926
63.184045538071615
37.802537291339746
63.508127610434926
63.184045538071615
63.508127610434926
63.184045538071615
37.802537291339746
63.508127610434926
63.184045538071615
63.508127610434926
63.184045538071615
37.802537291339746
63.508127610434926
63.184045538071615
37.802537291339746
63.508127610434926
63.184045538071615
63.508127610434926
63.184045538071615
63.508127610434926
63.184045538071615
37.802537291339746
63.508127610434926
63.184045538071615
37.802537291339746
63.508127610434926
63.184045538071615
37.802537291339746
63.508127610434926
63.184045538071615
37.802537291339746
63.508127610434926
63.184045538071615
37.802537291339746
63.508127610434926
43.82185247495891
38.57582892786226
38.57582892786226
38.57582892786226
38.57582892786226
38.57582892786226
38.57582892786226
85.4221269690098
70.93679365620574
33.122878428864304
50.39809762019393
41.76349569624453
73.7828382976956
37.37193571304727
35.06985105849701
35.06985105849701
35.06985105849701
35.06985105849701
35.06985105849701
85.26728820640565
67.35654578724082
35.76252576040576
53.25502447558413
43.17751963537348
59.271621138441034
43.17751963537348
59.271621138441034
73.974693316999
73.974693316999
35.06985105849701
35.06985105849701
35.06985105849701
35.06985105849701
35.06985105849701
77.96544856934386
41.371852688489355
42.52978228390224
72.44744377665671
55.07573628935776
42.644583175665886
38.69640476227428
40.62734113852043
75.91727620437388
67.67801253440838
84.51283062289909
71.71483777822473
57.48164253852695
54.198839979283186
72.32591523412613
38.538864580215304
48.70776073270353
85.72162937244389
39.165669665986194
33.78459115626531
53.867124544177415
46.089646573494115
60.624059827809056
38.48916452326567
43.4700971033026
64.96546014668682
34.92474743344542
35.103129901696335
52.380123513325074
42.974502030826656
41.92858323679706
38.436205454701515
39.918381528509656
40.49142361288951
39.36959863299505
53.549215465572054
48.82041174897121
125.36232905969746
49.264872524199596
41.105128612156705
41.80199970167783
45.91351876462467
48.91770934063347
75.58425624807643
51.66451933003678
51.66451933003678
90.5857377484028
41.21077709018578
82.44343381733596
83.0792152581339
43.58195919644749
104.48085539144344
54.29374347696447
33.221043168027265
39.727677460623575
34.54004662587829
36.56120159142986
35.66223130256788
35.66223130256788
40.3264614536543
44.911517529608446
50.9830802733319
54.017488188066444
64.78825904890988
71.5326676217735
37.08319192985924
97.10790532262602
41.051462007091374
44.28485233600496
93.9645174215159
36.69503932704382
42.06976671574922
62.793209799592354
43.3485664570567
37.99369601375315
40.540652155968225
40.540652155968225
40.540652155968225
46.43452029207288
29.124556362127375
55.24756635212092
180.696303041756
54.366581741429606
43.971595138559245
40.108519488471735
85.8550632414097
38.76037452030441
45.39771192282872
35.792995054620064
75.63876213542723
134.02686826765373
41.85764807389347
60.31192271184279
61.613952246349655
115.06091310803282
44.877372998157554
120.36407413739191
38.436205454701515
70.45590489913845
63.100926958311355
73.14677424215603
55.467884027573795
56.287808518541475
58.850713965648694
45.07338337701391
58.850713965648694
45.07338337701391
61.367651151130985
55.78268382104224
53.549215465572054
38.113477611390564
60.510643092095464
33.122878428864304
44.4174306890238
59.177227640531285
62.25687908831377
37.30810800841095
37.30810800841095
37.30810800841095
37.30810800841095
37.30810800841095
37.30810800841095
37.30810800841095
38.031485065512875
43.36806427304314
37.25753370041944
88.15516784514912
42.38416730537277
44.58274737119686
44.58274737119686
41.78465192642478
78.56931947134608
43.36147797874279
45.485653812466495
36.502087027138174
51.49021604785468
51.48133804886485
39.43934521639497
103.89175007845715
38.035791355374485
86.45088392271228
74.35368025348893
75.74681667686309
44.15524592507843
47.91998011599109
54.92814300168627
46.93905609305135
57.64834371100255
49.15548420525028
36.335386697219995
41.67703226299697
36.44593736451696
36.20068120209535
68.45623221674796
81.21581735717385
78.02458743204923
40.83314592535176
86.27885763789988
41.108169514006015
40.8631175965962
45.89711517670203
34.81562525591298
45.006624990707564
37.32316642431929
90.12061035793295
36.83095696370792
33.70579741825234
36.069179295366574
48.026706502067334
31.9420316447314
50.15904562909857
117.694733302864
39.633148904808024
55.497957824387655
41.76349569624453
43.43203863595509
36.664744483175554
39.67920789285586
39.67920789285586
42.86060680808653
74.3274217197211
36.94813393457607
44.89686434140453
58.8119658453462
68.90753937025279
139.32095042859012
70.56428515403391
44.47315810306335
40.540652155968225
48.86870241543336
37.23874051129849
41.76349569624453
61.27395508025226
44.485791306034116
67.49596427767489
35.27009056898665
35.27009056898665
43.85514260089029
65.55892067575935
98.63388737862583
84.3095748099327
82.56637672583003
85.31964655532234
70.23654053206556
39.131948538425625
65.70455609536633
52.24440000718686
46.33295947819978
32.71947440433275
44.485791306034116
31.48966039745885
165.9338618119484
165.9338618119484
72.92361202232706
45.8521259129455
61.79634994789602
36.97672003601953
36.97672003601953
36.97672003601953
38.69369274748803
55.07573628935776
55.07573628935776
36.3175863410147
55.07573628935776
41.97078331928732
37.76273082438827
39.54923323382179
48.64208550852471
48.64208550852471
32.501622374344805
57.10469847946616
36.233854528876385
44.53669404942765
99.17197091528784
42.011983752702974
75.75667155959084
152.97292121365996
41.985187284492646
40.42693838064052
190.71085557354442
42.273480321739164
42.273480321739164
53.219567582574406
45.00608110382262
34.360755885822925
41.08965027964008
150.71325091941625
36.3175863410147
36.3175863410147
55.07573628935776
36.76975181167536
44.963839048735245
41.95212395980566
38.57582892786226
38.57582892786226
38.57582892786226
34.752621310998954
70.30834380629204
40.31258547035611
40.90280168453092
40.90280168453092
68.39760884329698
36.68438967917508
36.68438967917508
42.72735097658197
42.72735097658197
47.79146475047956
117.58797092909313
34.825201723069625
42.45159252019562
57.911724851039466
53.13507802367023
79.74051650242309
56.83923339591515
56.83923339591515
56.83923339591515
56.83923339591515
56.83923339591515
56.83923339591515
72.08082022663449
109.38083718930548
40.755880855854336
44.96706433955405
40.755880855854336
55.7353300150821
59.242209797407675
36.15635450726571
40.184302924105566
36.15635450726571
45.763995247245425
39.21929113902128
46.927501856633945
37.07314974711136
36.740289009642474
38.50262808885255
34.18830894642923
119.82617346092731
55.17921778873123
50.63083042192365
42.86342200010915
53.38978615178023
85.28345009214176
73.90579241890725
52.828519829105446
41.59008738490481
60.46048796628512
65.56215946671128
65.56215946671128
65.56215946671128
65.56215946671128
62.83466766084148
44.01785427306018
33.05875896919188
56.50580015611802
41.41565936240307
37.97168222807309
71.74282209391993
54.27689464088371
43.72851129837727
73.55637814593157
50.08075161218241
31.396084055947103
31.396084055947103
31.396084055947103
31.396084055947103
60.95932490476546
50.35142498755746
35.06985105849701
53.55401614835688
37.43728778648824
42.49632701486103
36.77368132115059
36.69845226836065
60.228271422803836
40.29038292389172
38.42180479258468
37.967029679253756
40.23861125259265
58.72857113864041
45.69342703319898
53.83378874295055
73.2723339689902
36.15635450726571
35.076800525584545
69.36452480555442
33.83491032753929
91.03731347929497
34.91456285511948
48.4204094878752
37.59905066255301
51.155251646960146
47.710524578083465
137.54347252505517
63.15545955510931
65.56215946671128
65.56215946671128
65.56215946671128
65.56215946671128
65.56215946671128
65.56215946671128
65.56215946671128
65.56215946671128
65.56215946671128
65.56215946671128
65.56215946671128
65.56215946671128
65.56215946671128
65.56215946671128
65.56215946671128
65.56215946671128
65.56215946671128
65.56215946671128
65.56215946671128
65.56215946671128
65.56215946671128
65.56215946671128
65.56215946671128
63.9105819262265
56.487832394755756
32.50693622566297
70.66055008149984
42.62954811551208
40.90855506824951
54.096991736232226
59.16223370650342
55.60539216891061
36.07964687709094
103.88223309781111
50.795453383101425
230.14961264941792
33.942026730483995
56.62466770463584
168.01950336142698
63.68634585890243
42.202633206771864
63.68634585890243
36.41797111254901
40.68919437983077
35.261128842803686
48.344635818747335
48.344635818747335
76.58314108762315
52.600251095561816
57.19011133106514
59.541336694777044
223.36586090429756
38.16603328116123
56.81479202144039
55.04126209703536
108.18191648752702
42.2332968053192
35.814898790178596
41.85219792535957
42.92542089034406
43.56468704862942
32.332297075218655
38.872133500631584
37.18064161327137
132.09837304406145
34.664887206737085
49.20518509256078
75.84524291024107
73.33285996214877
51.1399681498862
34.85435374548669
46.33486342097568
55.10001720755059
61.26518006660732
35.20908463615762
39.31668551553015
52.09267197841174
42.45259249429425
41.05328263546921
41.46176766101008
46.166856121201185
71.62599013363715
36.769683383546315
71.62599013363715
41.43279190210617
36.769683383546315
71.62599013363715
41.43279190210617
41.65482390000587
54.45565231199022
66.18164097259942
67.99388201193045
64.22860877504387
36.68438967917508
39.602472268260136
45.534020292048474
57.382985620865384
226.85678425755702
56.71653093656522
74.89047292289078
98.56178614772294
60.10891229450376
53.40357137351014
44.53439910189266
62.51953906854169
37.74174222087747
54.82772871341059
38.879782567950016
40.49420008352058
47.27727711279395
118.81478622657075
164.6241117712285
164.6241117712285
89.99887064182991
43.16468525564433
74.44984999217546
39.89964796255853
38.00742527915247
45.06967560143848
60.054617507060655
56.61071895896032
35.88506389028805
36.24843221346267
36.10230593983312
111.73319423230168
63.90991184090612
81.86294184671816
54.902792428216664
59.730554919474265
59.730554919474265
64.78643447362812
32.54291734111513
33.64130373125504
76.42145843468037
31.42112408721088
56.42880972442473
44.22209720195883
38.77695898279463
59.27616736585976
33.81984479166655
57.5275830922897
36.63221114340369
36.63221114340369
36.63221114340369
36.63221114340369
36.63221114340369
36.63221114340369
36.63221114340369
52.66693620092426
39.52847495753927
52.64721649553291
41.251615035226486
51.938427407746296
52.727179884800535
39.54743346172839
75.50035915837275
41.54124521485748
38.56381681902232
90.17991709484895
35.15484423346061
42.57327682273407
35.15484423346061
40.6514388046373
41.39115445244485
40.60403925055795
40.998202593125285
40.45534888080708
46.56537817507542
54.7925130851883
67.42591817177637
56.83923339591515
56.83923339591515
85.46009452625992
54.75560005196663
59.774318794361434
43.24697758524496
44.439562841938226
37.76273082438827
73.62516012526496
41.302050128067485
68.14662514892551
43.725776897507274
37.91019101233907
43.725776897507274
38.68108563190348
38.68108563190348
53.549215465572054
38.113477611390564
38.113477611390564
66.95454564024499
103.81045379310362
69.10482234843172
60.65884741527432
41.03514483145392
62.860988665397535
33.578542651286014
52.59273062418056
52.59273062418056
52.59273062418056
52.59273062418056
52.59273062418056
65.72300903094413
55.033358115500285
72.17482332359828
59.10729863216186
83.30687316887614
48.579459029063656
56.18504510367325
66.69860890108332
35.653802213437984
32.19804152323242
33.611599454270504
36.41301184718975
36.41301184718975
36.41301184718975
66.75463500478948
50.14205906265997
43.12774571989908
108.90809471983381
42.7865649561544
135.37747571402392
65.72800770407343
41.76349569624453
41.310968437277204
38.31226823479841
38.31226823479841
38.31226823479841
231.00536254635003
68.43704409055488
57.67614670446025
43.468310762720876
43.468310762720876
70.03491054662571
88.87323042061529
63.39235023446663
49.45184154253225
89.34606186097967
45.14545530752878
45.14545530752878
95.22367440262167
46.63497248438662
47.85019216524931
47.830952551285826
40.09537518745224
54.82364651217675
57.78644441813027
42.20355459577111
43.654498506942566
65.52511211499754
46.13409862220338
42.89117951076391
32.3625685136132
32.3625685136132
70.00876617568277
45.23067613481378
72.81090547095796
59.730554919474265
39.43585537451185
42.770217504072306
40.81318952584124
48.27893180959445
63.60982122420785
69.12925623539576
42.41217599781185
41.47460452426337
43.2305464702429
133.8879259084131
103.54335229956742
39.131948538425625
39.131948538425625
39.131948538425625
39.131948538425625
39.131948538425625
39.131948538425625
39.131948538425625
39.131948538425625
39.131948538425625
39.131948538425625
39.131948538425625
39.131948538425625
39.131948538425625
39.131948538425625
39.131948538425625
39.131948538425625
39.131948538425625
39.131948538425625
39.131948538425625
39.131948538425625
39.131948538425625
46.73296427112962
45.6895408069753
123.78941838868391
37.76273082438827
37.76273082438827
60.531541177082524
40.88122182762005
54.9405719250516
34.39024405940767
71.35870880277237
50.73466961244974
102.81534869069199
61.902524929675934
37.19482560333073
37.19482560333073
71.5222112601525
35.353296839217315
59.98232646127834
38.451420196387105
82.94343786022513
47.55898799694687
61.66080388129076
92.72083952651676
39.46354677355585
43.433874496419065
56.03248253863346
56.764930698246445
61.55869837657325
38.55391732027266
38.13369062561183
162.77801847344494
36.21900023201825
51.88868218286482
70.02983918063308
61.94813552205994
85.98030235900605
29.881140295924336
69.22303106505306
50.66343028293447
39.30859660484821
37.870820084193014
44.89686434140454
63.98163484319413
30.01525575073581
38.81379034534064
34.98953346413036
38.86188832657206
35.223055974551116
91.914515651916
54.64061241112237
59.82385564991372
59.82385564991372
43.35545229061692
201.4338352855431
119.5962861296455
43.52170526796422
43.52170526796422
43.52170526796422
41.8916919376532
60.96112564335718
53.62378073783831
31.832724407451725
37.35363806211287
61.22571932900714
35.326125065640014
55.31222509796669
90.43564980305636
46.2248206902727
36.68438967917508
57.67315813350308
35.41172898286176
45.463998454123775
45.463998454123775
42.276144905723015
73.47713334748885
79.25167431745005
53.46587605449962
50.46550230214657
85.99988294536982
43.911655561922686
61.406924332211894
49.64453285787821
33.55153098090047
71.11087335110828
37.66766220096985
53.06290463130031
49.26934267160312
46.983930403114734
58.531992733919466
36.97265554737718
72.03443344606747
45.673312664084506
42.76425237808942
41.34614504980847
44.70279252814321
41.243141054324845
65.14917286897972
57.461329219000994
40.767221244855
72.75689032613212
36.662642076900866
47.171648843005165
40.180096360092215
39.20179392055791
38.372445261626
39.59665755722699
55.3623120231895
59.84881396123668
37.29963276145088
61.45275620237531
29.605706144832766
48.17726931438459
57.53628699865901
37.52402263256316
41.39479650935741
51.638583027851396
45.89310049442821
90.40857531081402
104.61700569458446
38.33929756314493
67.23186630738537
45.02114244405273
32.17377665976764
59.020698612499146
51.682503646330304
41.99445167161096
47.04143454240654
40.70784990908383
127.18670729485416
84.64086201617361
98.8653278388426
66.08905251785617
46.11111689181192
28.355684184735612
41.864640324131855
53.96550441859215
50.42900521411467
68.50405128402502
72.02220739620498
67.3094270153974
40.184302924105566
36.15635450726571
46.52952228090642
60.473509052179324
42.402403225812705
48.68685587451011
50.19625371413326
50.74302580572042
47.91015068876461
40.67795138038252
61.47206072090479
35.184501866889185
85.34203683215941
37.8342590668378
43.311539443163284
35.325771857537305
62.956300760439944
36.347109195320826
53.90850147723077
52.66693620092426
83.76665023319569
35.214386589280124
40.65777228057613
57.576808389192415
51.14047766060849
56.62443415828575
43.356333735299465
46.497237625309886
93.00651066063347
38.69471393783505
39.96275552741158
103.11833000245512
45.21109797211945
40.04636842346588
51.043455008347756
40.4345226146673
56.45693385878603
47.69517202748249
68.2428041000729
95.8311962331761
59.72959831491206
63.58714117251081
66.01322647885794
44.357241077881035
99.40569875990728
42.39586690147524
65.83873052253236
44.82296806752262
56.126486039226535
109.32816188625571
51.91795733374179
215.50697462600425
51.85265833495575
51.694629062151506
49.512009910742826
152.9495689799063
36.39684429018035
38.39649352957909
92.3712197501419
89.26705048669469
61.66596691921008
46.7371667704864
47.146429477854554
51.52316365546763
49.542404678810556
47.14410852190551
90.04924321181453
48.84775938948386
60.34242126256364
39.811129151256004
40.92457995908481
62.59554340554198
122.21144070847402
37.44284687096794
86.43961286039983
40.20933540904564
36.29574256043981
48.051973729001794
37.579552960918015
53.59807348995616
69.53566932728702
46.59278650020466
67.60539441305002
56.34382610357731
36.56292659561851
40.70309547395311
44.477009964727614
54.458996588478925
135.67227755195796
95.92415192314277
125.75604991749614
85.80076702465135
30.694543368307706
27.409475588048434
81.45586326982227
77.14001468678144
50.33301243891273
43.177380532589
45.64400223829367
39.930575841834376
101.40211057757652
109.0991739363951
48.45429675347214
48.68443993949012
52.19448576504999
47.90574099003757
42.07235556198639
49.340766651498896
105.35171841777651
35.322684084235334
65.63419574319117
84.23067942470857
74.00249576886974
55.90670449426245
42.46153530569445
105.57107449769657
95.91111789254838
57.98992032129014
50.737941687130785
68.0988315844526
37.18203992176222
59.31443234335558
58.76338441876344
68.68849848825877
31.815385792639837
63.859541058472395
62.4183342554927
56.02478535837966
99.21381633481188
41.826340688620846
73.44474217854017
43.73050174990936
83.77110667855175
39.33980085541515
96.77426973384146
144.27827053944307
94.55706688559492
102.68553609623878
60.50181295210517
63.22672914777359
51.98837303757972
41.173607834505376
39.017328233133654
95.07139081281076
67.75170450129656
40.127400842359044
61.278717198911735
63.802314140862606
115.1027645978334
46.30642553202924
43.64286292656648
35.540438457909985
45.88727931101688
60.137388585477055
98.70659948318196
57.79041035971686
40.92435499154485
35.99800877750985
78.66872755320301
50.70536147209652
59.97868356996366
46.026225757262026
94.53834681067907
107.71649429598577
106.4970356553234
44.58145803862257
69.09073505105796
258.6793626219588
104.04444838515683
67.36765584913623
44.674393053621515
29.522162249453388
109.24747747834587
36.097531470725876
44.42982178957638
41.30662679256251
36.59947656572523
58.530089712000034
50.8067142293524
108.72521661728943
38.05128896853839
58.938223291834134
45.199966525595464
38.69972140176818
67.72310739404413
39.334166129755054
62.28494183021647
61.343472939810496
66.02135325429815
62.19406664598533
64.69899040769835
42.48308602243316
99.6602110438182
45.3574945066335
109.57060317192509
44.438479675784926
74.32940290485473
101.0035096950917
45.08376448877824
51.979808747664016
87.4439883074096
56.67872552989709
65.23869411523894
52.04198363601999
96.68937401480142
31.608817491222162
33.449052115747335
39.39056712208677
67.45503341842367
62.860988665397535
37.63414674500573
189.62158779290542
70.26812010072902
45.82840502892209
36.515896190693795
41.84138833704936
89.8358840098351
55.94886415955019
37.57802457890596
78.08020606749126
44.46623141189878
150.78802012284572
36.98689029399143
258.2191046169392
87.52629574917809
34.56283636596815
37.31771019506414
50.437592908885456
35.22946756509651
51.67413578678499
55.94862559891072
95.37395807515803
44.19263702185815
103.46880255795831
74.47922595085575
158.25894598486127
39.86894218645871
38.948206215781404
49.71912973160292
69.29461165493545
43.338040368335975
36.82724407599452
32.38752172718498
38.62844218717892
48.827392365246766
47.96043242380248
63.74121870266735
79.07638288962478
82.86205971462802
45.49087138575382
48.6148673944719
56.36013662197165
94.21774620348408
42.57621021972415
43.679092166890115
59.55610595546197
41.887115752453596
59.11055361743845
85.37440987830736
34.27618351445407
45.27490554250703
68.92845190994534
59.2277135662018
36.10428532651659
53.55981928478773
48.76480288373556
52.14497801020287
33.41543792021828
33.47424316457627
54.54479381528005
70.72716659857537
61.362165485064196
41.90920479468977
56.33678130051545
53.14008685171423
45.99246040754172
33.01113707167377
60.30531487716943
54.49707453997456
60.68523339974884
41.72233417366502
73.82030377928255
45.97854736687524
126.37607531002789
31.20670685231333
67.81108080782424
59.82011852289932
43.76538327634762
64.03867865217113
88.90485486038405
76.09944817186184
57.837268330599656
50.23254317629838
69.20477612528455
79.69375492216763
42.55045684515502
73.23165093899289
62.33670258599155
55.00987235831606
47.518456343866156
76.22960288387
40.281123619460715
119.54023470656725
37.73090164812185
38.8066963020646
40.76557597169448
44.296888120977826
49.654921361724206
49.1938300929485
32.26620998930311
66.21157891758895
43.656636803700195
54.0202016413747
117.53298315062078
40.316646631726506
32.16232427950557
43.411844059341135
39.051046301348656
64.14723998083213
107.49492174866052
40.35757439755267
83.82656777728242
35.11814080160893
35.11814080160893
71.88150209103965
52.69735472394683
43.102081812273504
73.70433979653299
134.76366832654028
166.2044302025419
44.00583551186905
48.4321155467036
77.63689384507114
86.41703794719443
61.884492713497465
46.03345607386248
41.461563122448155
65.50970638057161
62.748890097274895
42.36998315398217
44.92980408358403
76.2470733003106
51.612500722322785
60.944971686949714
51.23915581426148
59.43271007229846
37.438150641578154
156.56780307903665
49.838695308843846
46.83490921633667
61.21047765715461
121.03186284859547
43.79632427998061
40.337229611545
41.01675640661233
37.7904882028138
83.68790273198965
48.66467009022996
39.03579254395042
52.49203707135641
52.91106996355187
46.253531822821934
42.28204219002463
57.3178631539504
32.36049364824834
61.45518957819747
145.22381959386826
66.91506908843209
91.42732680951684
46.57750522637204
45.47679321546022
52.8866589601047
45.716623094581664
76.46534494294035
46.29429678131321
55.70103179611639
58.81116964658712
41.687645054072995
92.33354988143105
53.13534771489649
46.03525546902072
58.57964483452773
63.79726544405714
35.57180557869269
126.07354062686977
164.8058456577044
48.641315377722144
94.17616382054258
74.6435307264224
203.04471222066647
306.5227152462898
42.358388354073426
255.03109602318642
40.86094302020277
47.276432012146785
44.242568367963756
66.6197126228039
54.67665355029124
37.49738135433908
54.60583489633391
71.78558823877064
72.52799819347752
70.01494176670361
54.991478007139
57.503773857255894
39.1041771441938
44.28366465656646
71.77454056040864
42.371498942021134
39.918894599062774
33.59436175807879
91.97880813004434
42.48275745894088
40.188613133726314
54.52168002001012
56.59326072532901
42.93028038553825
57.10103718732611
42.1412657405622
61.311939407635606
44.45502147811951
76.07205113420311
81.44275793375947
158.78696281873442
54.382988649284705
68.60742479735582
50.87853375143688
65.51090477236018
53.951746322491836
50.128623984132744
45.8824464658986
38.5465241486791
83.69314629338162
89.63970618221896
84.731358141771
62.508471850716695
36.260585270346695
45.09885573386573
43.45388006697854
81.04543416683464
40.41132329061819
48.69869065631009
52.571187303449555
68.9657320789879
36.32494096833008
40.45125013147711
37.942025331217565
48.5158428561799
45.09015922944399
100.87880797111994
68.890031011213
57.757874815920935
58.38591406213588
98.73630418078494
50.11850935761317
45.54741769904487
98.04729412847713
139.6235513404096
93.00588021664774
111.23280818368426
116.41746002046533
41.47153319605802
40.01819052669739
48.91424332476042
43.76563247781111
38.30171514454163
55.82938863449109
73.5311440736554
63.866832084726816
74.74692645499734
40.240737065313816
40.20932988134192
28.82285620956746
51.70480244445525
76.7550359109573
39.393160556106174
55.515187618566415
68.81852633532938
40.42480931900228
41.28983070878977
196.1218795568567
39.73318242500415
66.10726777692565
150.14474673125767
54.55916574044791
43.61850339823233
51.8832386133482
37.83395236842096
97.32341554544335
162.17716526933634
52.49098693663865
40.68159549255694
63.82658008220152
52.42971846689925
31.884578544786024
56.486596072350274
68.24733571339024
61.71300055719061
43.52328671951297
51.020496413090875
105.58201442523756
74.3596958754425
46.93905609305135
118.41321608604684
49.082501077381
44.878941625930196
65.96867785278273
59.78294450504082
46.86491438565966
90.65200620729632
58.39528010141064
80.570086443161
59.050770718460036
74.75595645456771
89.55991871328415
41.89283974190856
182.48632550606342
41.55541716798124
36.20364946959947
52.956884393775454
101.10269010180103
47.493140484029496
54.250185306808916
37.01576809120558
51.55784181575074
48.97302775682898
180.84637621218485
105.40317154287426
116.90291406246203
66.9028129416766
61.601789593011404
96.27183892294778
34.19004583283983
76.3014498556507
70.72303819966736
33.74121954498781
55.68682360989786
73.69236852543398
46.28834609670289
45.727708162298335
55.58471362959228
109.48637451962578
37.709672958202255
55.4839155075368
99.39391438265793
65.77706076453342
109.86610696298698
40.43036468653938
67.11692309964928
61.097801393458475
47.15942258026587
49.33496451713166
93.69971475389445
39.2565730066954
44.8356728037774
44.8356728037774
46.26868691907467
72.92118314634197
57.05889151062318
203.82899775198376
44.674856585983186
41.245960547751515
44.24370093234846
37.57872585743962
37.57872585743962
37.57872585743962
37.57872585743962
37.57872585743962
37.57872585743962
121.9938272912587
77.47539064971949
67.89861355539013
67.89861355539013
124.39020791135499
124.39020791135499
69.66469562641487
45.1162115621813
55.31225970340847
43.50386765085537
36.706290950612754
52.34771132676998
81.94688147801931
37.123706606296366
55.57530677027921
197.39417588389094
38.9090144808496
45.723234974614165
40.735604292373644
40.54968876913824
42.1202828210608
35.93102988231059
57.18947245952086
57.18947245952086
41.466364068972645
39.50549636227712
47.78813109956385
82.4422423733439
34.52818500846065
72.86157564647608
37.68066499638542
32.36868572730471
40.7569325025872
43.46349839265562
40.87248959186995
66.05214184682346
28.816629820877445
55.691203420356956
43.84412331227083
42.65464394722946
72.9799268519084
49.007409697408534
76.22577872965775
51.40682301217813
39.00535762336662
93.91959329779785
54.81531995568556
41.01295303301247
39.89964796255853
92.71262576280397
36.29074729215561
52.80387914925193
40.440149649581286
78.7217859426288
55.819172363956966
37.04892931465134
48.93565713394326
93.18420838687763
34.81562525591298
73.18207289383456
67.06487598859022
59.85334541891508
39.58580488325682
53.431643907101005
44.08916550772554
43.903210988311116
41.18390572179405
62.36165980877742
111.38034826386664
37.394262243333024
34.91205515464085
58.046017945823415
86.73045591643421
139.4991111206211
35.21691268465987
54.92456911027298
145.28243141702234
39.42757215552744
64.47710471532542
58.85445603078098
39.36825867632898
85.88456569392217
62.35309515026185
92.64361595203995
63.73825544632277
41.63686663204939
47.156346289699044
54.37830779961115
39.93251079613995
46.0916821872939
80.22359786852222
40.61684300836293
40.49605377318532
41.06534249802165
54.36975593332355
42.81345671110392
54.724189659103814
50.4890524023128
66.88211162953084
43.908086577976825
33.925566268290616
45.039803940215485
42.08848792049526
72.00737921982099
52.2462594975361
61.65748255947245
38.37710440039902
100.34477032362518
35.39644417908609
54.0304450563413
35.1335352877684
102.29373173561508
48.174416245402185
45.81723508794393
39.53879724289709
74.75326424136475
45.32037814415031
105.67997620954351
111.43036804546443
82.76099147340453
47.68195040752214
47.40834127205924
44.53030459255317
